7.973843191e+02	3.079329021e+02	1.506296279e+02	5.000000000e+01	5.000000000e+01
8.046723847e+02	3.099794400e+02	1.613707153e+02	5.000000000e+01	5.000000000e+01
8.011654240e+02	3.084280647e+02	1.540818733e+02	5.000000000e+01	5.000000000e+01
8.049571193e+02	2.990228073e+02	1.553796470e+02	5.000000000e+01	5.000000000e+01
7.951267137e+02	2.917694098e+02	1.508180296e+02	5.000000000e+01	5.000000000e+01
8.024287192e+02	3.092148270e+02	1.543161078e+02	5.000000000e+01	5.000000000e+01
7.958809837e+02	3.094273607e+02	1.524022989e+02	5.000000000e+01	5.000000000e+01
7.992497283e+02	3.026624268e+02	1.587770507e+02	5.000000000e+01	5.000000000e+01
8.013495998e+02	3.074063591e+02	1.522456634e+02	5.000000000e+01	5.000000000e+01
8.048643468e+02	2.903879261e+02	1.590219961e+02	5.000000000e+01	5.000000000e+01
8.036994330e+02	3.090654056e+02	1.697925755e+02	5.000000000e+01	5.000000000e+01
7.953964646e+02	2.917235606e+02	1.500037252e+02	5.000000000e+01	5.000000000e+01
7.978813120e+02	3.023062174e+02	1.515648218e+02	5.000000000e+01	5.000000000e+01
7.981619921e+02	3.029083806e+02	1.607626931e+02	5.000000000e+01	5.000000000e+01
7.950107910e+02	3.092083639e+02	1.500032513e+02	5.000000000e+01	5.000000000e+01
8.000501640e+02	3.083560659e+02	1.616138462e+02	5.000000000e+01	5.000000000e+01
8.049121472e+02	3.062935679e+02	1.541177885e+02	5.000000000e+01	5.000000000e+01
7.951024503e+02	3.068977178e+02	1.598532855e+02	5.000000000e+01	5.000000000e+01
8.047542569e+02	3.082122885e+02	1.541510264e+02	5.000000000e+01	5.000000000e+01
7.958021097e+02	2.913675170e+02	1.614274551e+02	5.000000000e+01	5.000000000e+01
7.996312052e+02	2.958146017e+02	1.658976753e+02	5.000000000e+01	5.000000000e+01
8.035728433e+02	2.909454090e+02	1.502395873e+02	5.000000000e+01	5.000000000e+01
8.020121184e+02	3.099079287e+02	1.685641737e+02	5.000000000e+01	5.000000000e+01
7.950509271e+02	2.948255224e+02	1.699850582e+02	5.000000000e+01	5.000000000e+01
7.990464757e+02	2.906254965e+02	1.676691743e+02	5.000000000e+01	5.000000000e+01
8.038832053e+02	3.033546881e+02	1.526228074e+02	5.000000000e+01	5.000000000e+01
8.044915350e+02	2.908230080e+02	1.506435153e+02	5.000000000e+01	5.000000000e+01
7.960072000e+02	3.022724376e+02	1.649921177e+02	5.000000000e+01	5.000000000e+01
7.950408590e+02	3.021026256e+02	1.693724262e+02	5.000000000e+01	5.000000000e+01
8.004633361e+02	3.080497038e+02	1.568731215e+02	5.000000000e+01	5.000000000e+01
7.951918909e+02	2.905659096e+02	1.651001497e+02	5.000000000e+01	5.000000000e+01
7.958625740e+02	2.960213001e+02	1.584271453e+02	5.000000000e+01	5.000000000e+01
8.031036697e+02	2.936387364e+02	1.687393454e+02	5.000000000e+01	5.000000000e+01
7.962173478e+02	2.944400174e+02	1.531763780e+02	5.000000000e+01	5.000000000e+01
8.049875591e+02	2.928127149e+02	1.536358583e+02	5.000000000e+01	5.000000000e+01
7.950384775e+02	3.077218338e+02	1.514251720e+02	5.000000000e+01	5.000000000e+01
8.044663223e+02	2.901454877e+02	1.621675855e+02	5.000000000e+01	5.000000000e+01
7.995421609e+02	3.091032966e+02	1.638833799e+02	5.000000000e+01	5.000000000e+01
8.031536163e+02	2.900236637e+02	1.540833713e+02	5.000000000e+01	5.000000000e+01
7.950009890e+02	3.099052368e+02	1.699678567e+02	5.000000000e+01	5.000000000e+01
7.973761321e+02	3.098525219e+02	1.514617388e+02	5.000000000e+01	5.000000000e+01
7.992574051e+02	3.090811260e+02	1.556500205e+02	5.000000000e+01	5.000000000e+01
8.049985743e+02	2.913767522e+02	1.690384760e+02	5.000000000e+01	5.000000000e+01
7.950506874e+02	2.918374015e+02	1.510562345e+02	5.000000000e+01	5.000000000e+01
7.987191974e+02	2.978914216e+02	1.501114036e+02	5.000000000e+01	5.000000000e+01
8.004008338e+02	2.900129364e+02	1.627681929e+02	5.000000000e+01	5.000000000e+01
8.046306104e+02	2.907261934e+02	1.502270223e+02	5.000000000e+01	5.000000000e+01
8.013023691e+02	2.923224782e+02	1.507556263e+02	5.000000000e+01	5.000000000e+01
7.978287529e+02	3.091063279e+02	1.623510032e+02	5.000000000e+01	5.000000000e+01
7.973236397e+02	2.993602743e+02	1.502662054e+02	5.000000000e+01	5.000000000e+01
7.993450286e+02	2.946982576e+02	1.508338861e+02	5.000000000e+01	5.000000000e+01
7.969871715e+02	3.058283548e+02	1.508898924e+02	5.000000000e+01	5.000000000e+01
7.983546712e+02	2.922818252e+02	1.698044117e+02	5.000000000e+01	5.000000000e+01
7.996552495e+02	2.904924968e+02	1.592996331e+02	5.000000000e+01	5.000000000e+01
8.001425018e+02	2.938790824e+02	1.659136605e+02	5.000000000e+01	5.000000000e+01
7.970409761e+02	2.994949532e+02	1.501278883e+02	5.000000000e+01	5.000000000e+01
8.048288616e+02	3.055118037e+02	1.541584881e+02	5.000000000e+01	5.000000000e+01
8.014335876e+02	2.972808309e+02	1.591043830e+02	5.000000000e+01	5.000000000e+01
8.031426846e+02	2.984145135e+02	1.678235759e+02	5.000000000e+01	5.000000000e+01
8.019040865e+02	3.099881689e+02	1.665281421e+02	5.000000000e+01	5.000000000e+01
7.964520507e+02	2.909772323e+02	1.500293581e+02	5.000000000e+01	5.000000000e+01
8.018397824e+02	3.099640235e+02	1.530007761e+02	5.000000000e+01	5.000000000e+01
7.950393104e+02	3.024166026e+02	1.504383758e+02	5.000000000e+01	5.000000000e+01
8.009784422e+02	3.027308232e+02	1.567422714e+02	5.000000000e+01	5.000000000e+01
8.022853428e+02	3.099602615e+02	1.660123404e+02	5.000000000e+01	5.000000000e+01
8.042080000e+02	2.933492892e+02	1.646961687e+02	5.000000000e+01	5.000000000e+01
7.961451126e+02	2.985547511e+02	1.526344067e+02	5.000000000e+01	5.000000000e+01
8.049079750e+02	3.083609071e+02	1.500086651e+02	5.000000000e+01	5.000000000e+01
8.006741932e+02	3.071729140e+02	1.504623562e+02	5.000000000e+01	5.000000000e+01
8.045036757e+02	2.989924129e+02	1.694498016e+02	5.000000000e+01	5.000000000e+01
8.003138482e+02	2.900236252e+02	1.542499707e+02	5.000000000e+01	5.000000000e+01
7.960921585e+02	3.015031453e+02	1.549497094e+02	5.000000000e+01	5.000000000e+01
8.043338033e+02	3.077017145e+02	1.555417685e+02	5.000000000e+01	5.000000000e+01
7.954599948e+02	2.921924640e+02	1.504096375e+02	5.000000000e+01	5.000000000e+01
7.997008286e+02	3.017109018e+02	1.687630380e+02	5.000000000e+01	5.000000000e+01
7.986838967e+02	2.919790727e+02	1.509058143e+02	5.000000000e+01	5.000000000e+01
7.964829123e+02	2.989765967e+02	1.614592834e+02	5.000000000e+01	5.000000000e+01
7.970841541e+02	3.087789660e+02	1.560973057e+02	5.000000000e+01	5.000000000e+01
8.038452837e+02	2.904180706e+02	1.645940782e+02	5.000000000e+01	5.000000000e+01
8.031350404e+02	2.908356138e+02	1.666423280e+02	5.000000000e+01	5.000000000e+01
7.953459648e+02	2.986937690e+02	1.551826106e+02	5.000000000e+01	5.000000000e+01
8.006635775e+02	3.049497282e+02	1.545931130e+02	5.000000000e+01	5.000000000e+01
7.977086510e+02	2.966438009e+02	1.502532133e+02	5.000000000e+01	5.000000000e+01
7.988979280e+02	3.073192018e+02	1.500194607e+02	5.000000000e+01	5.000000000e+01
7.954260994e+02	2.902283117e+02	1.506348787e+02	5.000000000e+01	5.000000000e+01
7.950714777e+02	2.914066953e+02	1.544284262e+02	5.000000000e+01	5.000000000e+01
7.950484907e+02	2.974994960e+02	1.540752932e+02	5.000000000e+01	5.000000000e+01
7.950758083e+02	3.098680991e+02	1.513188073e+02	5.000000000e+01	5.000000000e+01
7.956210037e+02	2.902424254e+02	1.517604134e+02	5.000000000e+01	5.000000000e+01
8.035848951e+02	2.937365245e+02	1.647744175e+02	5.000000000e+01	5.000000000e+01
8.015117831e+02	3.038867274e+02	1.667698352e+02	5.000000000e+01	5.000000000e+01
8.019497352e+02	2.932107213e+02	1.692508436e+02	5.000000000e+01	5.000000000e+01
8.016874436e+02	3.067163128e+02	1.699096639e+02	5.000000000e+01	5.000000000e+01
8.005924521e+02	3.090569500e+02	1.635378184e+02	5.000000000e+01	5.000000000e+01
7.978971607e+02	2.907518411e+02	1.500273736e+02	5.000000000e+01	5.000000000e+01
8.049835676e+02	3.039556606e+02	1.699614328e+02	5.000000000e+01	5.000000000e+01
7.950626407e+02	3.068608699e+02	1.658432816e+02	5.000000000e+01	5.000000000e+01
8.041925798e+02	2.900175887e+02	1.690447708e+02	5.000000000e+01	5.000000000e+01
8.002416578e+02	3.057728791e+02	1.502548640e+02	5.000000000e+01	5.000000000e+01
8.016211954e+02	2.958365901e+02	1.604943480e+02	5.000000000e+01	5.000000000e+01
8.018471044e+02	3.036455268e+02	1.578315294e+02	5.000000000e+01	5.000000000e+01
8.021781330e+02	3.063160104e+02	1.687383658e+02	5.000000000e+01	5.000000000e+01
7.958368993e+02	2.908397215e+02	1.686860111e+02	5.000000000e+01	5.000000000e+01
8.017252006e+02	3.012294351e+02	1.510051922e+02	5.000000000e+01	5.000000000e+01
7.992760512e+02	3.094550150e+02	1.681851319e+02	5.000000000e+01	5.000000000e+01
7.991658123e+02	3.091700444e+02	1.502388629e+02	5.000000000e+01	5.000000000e+01
7.955109173e+02	2.903966600e+02	1.500343057e+02	5.000000000e+01	5.000000000e+01
7.975714220e+02	2.900872061e+02	1.591925383e+02	5.000000000e+01	5.000000000e+01
8.031491943e+02	3.060083813e+02	1.546750716e+02	5.000000000e+01	5.000000000e+01
7.987748217e+02	2.995420416e+02	1.621050450e+02	5.000000000e+01	5.000000000e+01
8.044555348e+02	3.072125631e+02	1.502025540e+02	5.000000000e+01	5.000000000e+01
7.974173271e+02	2.923717728e+02	1.515709579e+02	5.000000000e+01	5.000000000e+01
8.025101286e+02	2.913690965e+02	1.699446547e+02	5.000000000e+01	5.000000000e+01
8.042956322e+02	3.060554852e+02	1.533102306e+02	5.000000000e+01	5.000000000e+01
7.999156925e+02	3.039039924e+02	1.520941234e+02	5.000000000e+01	5.000000000e+01
8.046198545e+02	3.088455091e+02	1.685871473e+02	5.000000000e+01	5.000000000e+01
7.990747929e+02	2.989581945e+02	1.533398209e+02	5.000000000e+01	5.000000000e+01
7.992261484e+02	2.933037396e+02	1.654698090e+02	5.000000000e+01	5.000000000e+01
7.950518857e+02	3.099263496e+02	1.587183048e+02	5.000000000e+01	5.000000000e+01
8.040226349e+02	2.906336310e+02	1.528394042e+02	5.000000000e+01	5.000000000e+01
8.000418691e+02	2.914808500e+02	1.676662037e+02	5.000000000e+01	5.000000000e+01
7.994035588e+02	2.908898204e+02	1.681353478e+02	5.000000000e+01	5.000000000e+01
8.024627729e+02	3.031634815e+02	1.587224998e+02	5.000000000e+01	5.000000000e+01
7.950110735e+02	2.997051859e+02	1.695579312e+02	5.000000000e+01	5.000000000e+01
8.035506532e+02	3.009161530e+02	1.630725624e+02	5.000000000e+01	5.000000000e+01
7.960049048e+02	3.056903798e+02	1.585548073e+02	5.000000000e+01	5.000000000e+01
7.976322377e+02	2.903748114e+02	1.670321085e+02	5.000000000e+01	5.000000000e+01
7.967309942e+02	3.003994549e+02	1.677487863e+02	5.000000000e+01	5.000000000e+01
7.968856151e+02	3.088605781e+02	1.634318753e+02	5.000000000e+01	5.000000000e+01
7.960844255e+02	3.096680978e+02	1.500080202e+02	5.000000000e+01	5.000000000e+01
8.010668417e+02	3.035680951e+02	1.538130832e+02	5.000000000e+01	5.000000000e+01
8.049891129e+02	2.900012006e+02	1.501178083e+02	5.000000000e+01	5.000000000e+01
8.013894656e+02	2.906575223e+02	1.682195820e+02	5.000000000e+01	5.000000000e+01
7.970973155e+02	2.902432278e+02	1.506090168e+02	5.000000000e+01	5.000000000e+01
8.036558765e+02	2.905212937e+02	1.653861074e+02	5.000000000e+01	5.000000000e+01
7.997588024e+02	3.052864971e+02	1.540368425e+02	5.000000000e+01	5.000000000e+01
7.971607591e+02	2.936454037e+02	1.668893903e+02	5.000000000e+01	5.000000000e+01
7.971941972e+02	2.900043116e+02	1.569003638e+02	5.000000000e+01	5.000000000e+01
7.950983471e+02	2.913435175e+02	1.537243622e+02	5.000000000e+01	5.000000000e+01
8.013784270e+02	2.922098262e+02	1.510559826e+02	5.000000000e+01	5.000000000e+01
8.033822756e+02	3.002386213e+02	1.698068689e+02	5.000000000e+01	5.000000000e+01
8.003714301e+02	2.900318976e+02	1.630159490e+02	5.000000000e+01	5.000000000e+01
8.023676659e+02	2.904869146e+02	1.508179922e+02	5.000000000e+01	5.000000000e+01
7.950037586e+02	2.903630183e+02	1.500254713e+02	5.000000000e+01	5.000000000e+01
7.995745129e+02	3.021027952e+02	1.516051637e+02	5.000000000e+01	5.000000000e+01
7.950235131e+02	2.932721171e+02	1.567118500e+02	5.000000000e+01	5.000000000e+01
8.038081129e+02	2.900068042e+02	1.699914667e+02	5.000000000e+01	5.000000000e+01
8.049090740e+02	2.909310088e+02	1.516667081e+02	5.000000000e+01	5.000000000e+01
8.046548817e+02	2.985002963e+02	1.610773786e+02	5.000000000e+01	5.000000000e+01
7.994754675e+02	3.093080207e+02	1.594954152e+02	5.000000000e+01	5.000000000e+01
8.049689199e+02	3.077566271e+02	1.535712887e+02	5.000000000e+01	5.000000000e+01
7.986590878e+02	2.974458638e+02	1.678317754e+02	5.000000000e+01	5.000000000e+01
7.970080071e+02	3.079503221e+02	1.699749294e+02	5.000000000e+01	5.000000000e+01
7.951756594e+02	3.090110081e+02	1.626191620e+02	5.000000000e+01	5.000000000e+01
8.049764435e+02	2.992665567e+02	1.511606969e+02	5.000000000e+01	5.000000000e+01
8.017395909e+02	3.021807325e+02	1.584341446e+02	5.000000000e+01	5.000000000e+01
8.044116784e+02	2.918464209e+02	1.569481991e+02	5.000000000e+01	5.000000000e+01
7.963357192e+02	3.073843906e+02	1.616324361e+02	5.000000000e+01	5.000000000e+01
8.045424637e+02	3.087535031e+02	1.569722512e+02	5.000000000e+01	5.000000000e+01
7.954054646e+02	3.099942697e+02	1.677604624e+02	5.000000000e+01	5.000000000e+01
8.002427633e+02	3.099946874e+02	1.503011396e+02	5.000000000e+01	5.000000000e+01
8.032503842e+02	2.961584300e+02	1.683357373e+02	5.000000000e+01	5.000000000e+01
8.023237285e+02	2.908011036e+02	1.607821322e+02	5.000000000e+01	5.000000000e+01
8.047448559e+02	2.900843528e+02	1.539202075e+02	5.000000000e+01	5.000000000e+01
8.015205732e+02	3.073838127e+02	1.532473367e+02	5.000000000e+01	5.000000000e+01
8.038367013e+02	2.918114721e+02	1.550100667e+02	5.000000000e+01	5.000000000e+01
7.958582283e+02	2.989834762e+02	1.684908914e+02	5.000000000e+01	5.000000000e+01
8.024142047e+02	2.901074824e+02	1.535206730e+02	5.000000000e+01	5.000000000e+01
8.032720818e+02	2.905440003e+02	1.682594933e+02	5.000000000e+01	5.000000000e+01
8.049882009e+02	2.926110140e+02	1.695657202e+02	5.000000000e+01	5.000000000e+01
7.974691740e+02	3.062015681e+02	1.596520516e+02	5.000000000e+01	5.000000000e+01
8.021346171e+02	2.968051101e+02	1.562952136e+02	5.000000000e+01	5.000000000e+01
8.019686556e+02	2.904140482e+02	1.691208650e+02	5.000000000e+01	5.000000000e+01
8.029488103e+02	2.916600554e+02	1.529277991e+02	5.000000000e+01	5.000000000e+01
8.049640508e+02	3.066761860e+02	1.684613661e+02	5.000000000e+01	5.000000000e+01
8.046986385e+02	3.033356913e+02	1.600118516e+02	5.000000000e+01	5.000000000e+01
8.048940515e+02	3.063385037e+02	1.685428399e+02	5.000000000e+01	5.000000000e+01
8.031919197e+02	3.096072654e+02	1.565457935e+02	5.000000000e+01	5.000000000e+01
8.018987630e+02	2.911782576e+02	1.578083822e+02	5.000000000e+01	5.000000000e+01
8.049123333e+02	2.962621080e+02	1.547295464e+02	5.000000000e+01	5.000000000e+01
7.955958099e+02	3.099620302e+02	1.630278292e+02	5.000000000e+01	5.000000000e+01
7.991960515e+02	3.096238652e+02	1.601595834e+02	5.000000000e+01	5.000000000e+01
8.032795400e+02	3.072707720e+02	1.648073065e+02	5.000000000e+01	5.000000000e+01
7.963275192e+02	3.052015664e+02	1.541940762e+02	5.000000000e+01	5.000000000e+01
7.979057180e+02	3.036725900e+02	1.699100339e+02	5.000000000e+01	5.000000000e+01
8.046170416e+02	2.955957234e+02	1.517850900e+02	5.000000000e+01	5.000000000e+01
7.964911053e+02	2.947027790e+02	1.639515040e+02	5.000000000e+01	5.000000000e+01
8.022345106e+02	3.059369453e+02	1.693890867e+02	5.000000000e+01	5.000000000e+01
8.017532717e+02	2.926373398e+02	1.539522716e+02	5.000000000e+01	5.000000000e+01
7.950027927e+02	3.069751527e+02	1.678191343e+02	5.000000000e+01	5.000000000e+01
7.976326079e+02	3.077729887e+02	1.699990387e+02	5.000000000e+01	5.000000000e+01
7.958247600e+02	3.095097119e+02	1.543745171e+02	5.000000000e+01	5.000000000e+01
7.950034081e+02	3.008631193e+02	1.699280055e+02	5.000000000e+01	5.000000000e+01
8.031692213e+02	3.048955589e+02	1.681779408e+02	5.000000000e+01	5.000000000e+01
8.033220996e+02	3.009512652e+02	1.661358005e+02	5.000000000e+01	5.000000000e+01
7.951796451e+02	3.099942441e+02	1.684213244e+02	5.000000000e+01	5.000000000e+01
7.955697365e+02	2.900047961e+02	1.698211764e+02	5.000000000e+01	5.000000000e+01
8.002252433e+02	2.954928705e+02	1.599345891e+02	5.000000000e+01	5.000000000e+01
8.048111622e+02	3.061193322e+02	1.549661770e+02	5.000000000e+01	5.000000000e+01
8.012686491e+02	3.047544842e+02	1.660246689e+02	5.000000000e+01	5.000000000e+01
7.950015797e+02	3.062954195e+02	1.518568463e+02	5.000000000e+01	5.000000000e+01
7.993080345e+02	3.086137313e+02	1.598894502e+02	5.000000000e+01	5.000000000e+01
7.960308774e+02	3.074496508e+02	1.538843188e+02	5.000000000e+01	5.000000000e+01
8.039659750e+02	3.093735352e+02	1.678231172e+02	5.000000000e+01	5.000000000e+01
7.956454695e+02	2.941923757e+02	1.500731132e+02	5.000000000e+01	5.000000000e+01
8.042387374e+02	2.910583710e+02	1.619919391e+02	5.000000000e+01	5.000000000e+01
7.985627870e+02	3.067828192e+02	1.690012487e+02	5.000000000e+01	5.000000000e+01
8.011834675e+02	3.014295625e+02	1.502565190e+02	5.000000000e+01	5.000000000e+01
8.002723206e+02	3.096540617e+02	1.520116131e+02	5.000000000e+01	5.000000000e+01
7.983665160e+02	3.093046610e+02	1.699929395e+02	5.000000000e+01	5.000000000e+01
7.950438873e+02	2.979885071e+02	1.688078583e+02	5.000000000e+01	5.000000000e+01
8.022337581e+02	3.048737212e+02	1.565506405e+02	5.000000000e+01	5.000000000e+01
8.049854638e+02	2.925385188e+02	1.658520288e+02	5.000000000e+01	5.000000000e+01
7.955793698e+02	3.087728078e+02	1.638466822e+02	5.000000000e+01	5.000000000e+01
7.994287583e+02	3.081001858e+02	1.543136127e+02	5.000000000e+01	5.000000000e+01
7.995516479e+02	2.915672762e+02	1.502707775e+02	5.000000000e+01	5.000000000e+01
8.042665991e+02	3.054024934e+02	1.533103188e+02	5.000000000e+01	5.000000000e+01
8.034384276e+02	2.975822408e+02	1.535029793e+02	5.000000000e+01	5.000000000e+01
8.049952026e+02	3.023631255e+02	1.577736664e+02	5.000000000e+01	5.000000000e+01
8.043128410e+02	3.016372357e+02	1.526834855e+02	5.000000000e+01	5.000000000e+01
7.950377166e+02	2.902007887e+02	1.536492402e+02	5.000000000e+01	5.000000000e+01
8.036845338e+02	2.901524455e+02	1.510185616e+02	5.000000000e+01	5.000000000e+01
7.976764709e+02	3.064831339e+02	1.643702691e+02	5.000000000e+01	5.000000000e+01
7.950120387e+02	2.948120875e+02	1.507788991e+02	5.000000000e+01	5.000000000e+01
8.031679622e+02	3.020992202e+02	1.695319858e+02	5.000000000e+01	5.000000000e+01
7.954904200e+02	3.013604994e+02	1.535902676e+02	5.000000000e+01	5.000000000e+01
8.049709888e+02	2.926169084e+02	1.588560796e+02	5.000000000e+01	5.000000000e+01
7.961996097e+02	3.018966763e+02	1.571029316e+02	5.000000000e+01	5.000000000e+01
7.951118614e+02	3.099506719e+02	1.615726761e+02	5.000000000e+01	5.000000000e+01
8.049407874e+02	3.004551873e+02	1.534528307e+02	5.000000000e+01	5.000000000e+01
7.950529455e+02	3.097750866e+02	1.631157406e+02	5.000000000e+01	5.000000000e+01
7.964077540e+02	3.000058778e+02	1.698445141e+02	5.000000000e+01	5.000000000e+01
7.969334128e+02	2.914830524e+02	1.699418002e+02	5.000000000e+01	5.000000000e+01
7.950326218e+02	2.926215861e+02	1.522334271e+02	5.000000000e+01	5.000000000e+01
8.004932591e+02	3.099881204e+02	1.647359311e+02	5.000000000e+01	5.000000000e+01
7.987081949e+02	3.056763676e+02	1.692095717e+02	5.000000000e+01	5.000000000e+01
8.047740818e+02	3.027364683e+02	1.612846968e+02	5.000000000e+01	5.000000000e+01
7.986112914e+02	2.909114033e+02	1.641419960e+02	5.000000000e+01	5.000000000e+01
7.950240415e+02	2.912581713e+02	1.534679336e+02	5.000000000e+01	5.000000000e+01
8.033472088e+02	2.945082942e+02	1.529042134e+02	5.000000000e+01	5.000000000e+01
7.957648510e+02	2.922811812e+02	1.699942500e+02	5.000000000e+01	5.000000000e+01
7.972077452e+02	3.031222421e+02	1.500792469e+02	5.000000000e+01	5.000000000e+01
8.036436710e+02	2.963843690e+02	1.609625127e+02	5.000000000e+01	5.000000000e+01
8.028131539e+02	2.973950037e+02	1.537428959e+02	5.000000000e+01	5.000000000e+01
8.044804590e+02	2.948017637e+02	1.689367220e+02	5.000000000e+01	5.000000000e+01
8.043469400e+02	3.006253378e+02	1.579981932e+02	5.000000000e+01	5.000000000e+01
7.961264513e+02	2.914393809e+02	1.642903111e+02	5.000000000e+01	5.000000000e+01
8.048518388e+02	3.099196877e+02	1.674476060e+02	5.000000000e+01	5.000000000e+01
8.032849118e+02	2.902257334e+02	1.500101062e+02	5.000000000e+01	5.000000000e+01
8.027991589e+02	2.993600842e+02	1.674443198e+02	5.000000000e+01	5.000000000e+01
7.995123627e+02	3.087474081e+02	1.584306588e+02	5.000000000e+01	5.000000000e+01
8.049957705e+02	3.076700552e+02	1.682364401e+02	5.000000000e+01	5.000000000e+01
7.975660486e+02	2.916333884e+02	1.690211867e+02	5.000000000e+01	5.000000000e+01
7.954855870e+02	3.089101401e+02	1.522690854e+02	5.000000000e+01	5.000000000e+01
7.999249572e+02	2.932431588e+02	1.500828693e+02	5.000000000e+01	5.000000000e+01
7.964281438e+02	2.971054618e+02	1.641143715e+02	5.000000000e+01	5.000000000e+01
8.046082761e+02	2.916102689e+02	1.635046308e+02	5.000000000e+01	5.000000000e+01
7.958777828e+02	2.900029299e+02	1.595100675e+02	5.000000000e+01	5.000000000e+01
8.033657779e+02	3.009449043e+02	1.546248090e+02	5.000000000e+01	5.000000000e+01
7.995786962e+02	3.013228608e+02	1.652323110e+02	5.000000000e+01	5.000000000e+01
7.950084310e+02	2.901652318e+02	1.609585131e+02	5.000000000e+01	5.000000000e+01
7.950373249e+02	2.970943028e+02	1.676722933e+02	5.000000000e+01	5.000000000e+01
7.961643300e+02	2.931945839e+02	1.517851656e+02	5.000000000e+01	5.000000000e+01
8.031342946e+02	3.028059803e+02	1.604252181e+02	5.000000000e+01	5.000000000e+01
7.953916540e+02	3.099920095e+02	1.677717902e+02	5.000000000e+01	5.000000000e+01
8.040477267e+02	3.084896729e+02	1.695392055e+02	5.000000000e+01	5.000000000e+01
7.995452518e+02	3.006760960e+02	1.549765573e+02	5.000000000e+01	5.000000000e+01
7.966947202e+02	2.934832295e+02	1.528826250e+02	5.000000000e+01	5.000000000e+01
8.024889507e+02	3.017799854e+02	1.562461889e+02	5.000000000e+01	5.000000000e+01
8.023584029e+02	2.988587483e+02	1.505508362e+02	5.000000000e+01	5.000000000e+01
8.032923150e+02	3.042198265e+02	1.502669736e+02	5.000000000e+01	5.000000000e+01
8.038334918e+02	2.916389577e+02	1.524307492e+02	5.000000000e+01	5.000000000e+01
8.049570175e+02	2.908879774e+02	1.644595691e+02	5.000000000e+01	5.000000000e+01
7.959198586e+02	3.037554656e+02	1.653276229e+02	5.000000000e+01	5.000000000e+01
7.986010956e+02	3.090672143e+02	1.504756667e+02	5.000000000e+01	5.000000000e+01
7.994163606e+02	3.098053165e+02	1.675340940e+02	5.000000000e+01	5.000000000e+01
8.025787927e+02	2.940343286e+02	1.513162014e+02	5.000000000e+01	5.000000000e+01
7.951586408e+02	2.919711818e+02	1.687106561e+02	5.000000000e+01	5.000000000e+01
7.952299277e+02	3.069128393e+02	1.699754508e+02	5.000000000e+01	5.000000000e+01
7.984050453e+02	3.043979089e+02	1.689387449e+02	5.000000000e+01	5.000000000e+01
7.992470574e+02	2.942533806e+02	1.699404554e+02	5.000000000e+01	5.000000000e+01
7.955668678e+02	3.067612128e+02	1.669133112e+02	5.000000000e+01	5.000000000e+01
8.024043814e+02	2.976520252e+02	1.662139984e+02	5.000000000e+01	5.000000000e+01
8.049537584e+02	3.007129571e+02	1.688874641e+02	5.000000000e+01	5.000000000e+01
7.952212099e+02	2.929414822e+02	1.693765725e+02	5.000000000e+01	5.000000000e+01
8.049789908e+02	3.097387508e+02	1.624821364e+02	5.000000000e+01	5.000000000e+01
8.045990639e+02	2.905592565e+02	1.694390808e+02	5.000000000e+01	5.000000000e+01
8.049059477e+02	2.902073579e+02	1.643641761e+02	5.000000000e+01	5.000000000e+01
7.954234397e+02	2.902226046e+02	1.649327416e+02	5.000000000e+01	5.000000000e+01
7.961881407e+02	3.099592190e+02	1.500107131e+02	5.000000000e+01	5.000000000e+01
7.954571436e+02	3.053976618e+02	1.689687225e+02	5.000000000e+01	5.000000000e+01
8.049716920e+02	3.085189672e+02	1.558684203e+02	5.000000000e+01	5.000000000e+01
8.012735665e+02	3.051780589e+02	1.501026219e+02	5.000000000e+01	5.000000000e+01
8.047757114e+02	3.073935867e+02	1.674077675e+02	5.000000000e+01	5.000000000e+01
8.015755678e+02	2.921306730e+02	1.675288126e+02	5.000000000e+01	5.000000000e+01
8.035226765e+02	3.098789592e+02	1.600438419e+02	5.000000000e+01	5.000000000e+01
7.950233645e+02	3.040455217e+02	1.617570028e+02	5.000000000e+01	5.000000000e+01
8.011054316e+02	2.928716451e+02	1.649309143e+02	5.000000000e+01	5.000000000e+01
8.029588752e+02	3.018440005e+02	1.500245507e+02	5.000000000e+01	5.000000000e+01
7.990994815e+02	2.923943600e+02	1.522525994e+02	5.000000000e+01	5.000000000e+01
8.001871444e+02	3.023893270e+02	1.619267610e+02	5.000000000e+01	5.000000000e+01
8.039110018e+02	3.099075886e+02	1.670799812e+02	5.000000000e+01	5.000000000e+01
7.992677234e+02	2.977434187e+02	1.514168375e+02	5.000000000e+01	5.000000000e+01
7.983633106e+02	3.077596139e+02	1.535238668e+02	5.000000000e+01	5.000000000e+01
7.967815894e+02	2.908129175e+02	1.665437441e+02	5.000000000e+01	5.000000000e+01
8.019288270e+02	3.014332962e+02	1.615940723e+02	5.000000000e+01	5.000000000e+01
8.006803699e+02	2.919885582e+02	1.638744638e+02	5.000000000e+01	5.000000000e+01
8.018007200e+02	2.917573655e+02	1.663462849e+02	5.000000000e+01	5.000000000e+01
8.002653910e+02	3.070073729e+02	1.697078912e+02	5.000000000e+01	5.000000000e+01
8.029142897e+02	2.904441073e+02	1.627406230e+02	5.000000000e+01	5.000000000e+01
7.993782575e+02	2.979692100e+02	1.524163912e+02	5.000000000e+01	5.000000000e+01
7.963431397e+02	3.096088822e+02	1.663721812e+02	5.000000000e+01	5.000000000e+01
7.979383970e+02	3.095665663e+02	1.632514682e+02	5.000000000e+01	5.000000000e+01
7.970351144e+02	2.984249028e+02	1.575377712e+02	5.000000000e+01	5.000000000e+01
7.999419684e+02	2.991083608e+02	1.693906032e+02	5.000000000e+01	5.000000000e+01
7.969510803e+02	2.987826567e+02	1.581637009e+02	5.000000000e+01	5.000000000e+01
7.993190304e+02	3.048216746e+02	1.561587790e+02	5.000000000e+01	5.000000000e+01
7.956654781e+02	3.045065070e+02	1.682606575e+02	5.000000000e+01	5.000000000e+01
7.992742045e+02	2.900661442e+02	1.532610364e+02	5.000000000e+01	5.000000000e+01
8.032619032e+02	3.040130090e+02	1.695674349e+02	5.000000000e+01	5.000000000e+01
8.003028517e+02	2.941202324e+02	1.616114848e+02	5.000000000e+01	5.000000000e+01
7.952370673e+02	2.989472750e+02	1.501815622e+02	5.000000000e+01	5.000000000e+01
7.950023413e+02	2.935664297e+02	1.681873135e+02	5.000000000e+01	5.000000000e+01
7.975572360e+02	3.042683547e+02	1.617642162e+02	5.000000000e+01	5.000000000e+01
8.049872281e+02	2.903116756e+02	1.640116168e+02	5.000000000e+01	5.000000000e+01
8.025686688e+02	3.087237115e+02	1.516097719e+02	5.000000000e+01	5.000000000e+01
8.036976627e+02	2.900128554e+02	1.686281353e+02	5.000000000e+01	5.000000000e+01
7.970760086e+02	3.025749774e+02	1.500441884e+02	5.000000000e+01	5.000000000e+01
7.974944345e+02	2.910918936e+02	1.692948090e+02	5.000000000e+01	5.000000000e+01
8.023825089e+02	3.068900282e+02	1.686119439e+02	5.000000000e+01	5.000000000e+01
8.013983137e+02	2.901297189e+02	1.681512626e+02	5.000000000e+01	5.000000000e+01
8.049572801e+02	3.030015709e+02	1.503861183e+02	5.000000000e+01	5.000000000e+01
7.987027404e+02	3.005229985e+02	1.585373384e+02	5.000000000e+01	5.000000000e+01
8.014816789e+02	2.957204715e+02	1.526318086e+02	5.000000000e+01	5.000000000e+01
7.977493187e+02	3.061549662e+02	1.583197520e+02	5.000000000e+01	5.000000000e+01
7.989302723e+02	2.900424806e+02	1.682557048e+02	5.000000000e+01	5.000000000e+01
7.994168927e+02	3.012370684e+02	1.685608011e+02	5.000000000e+01	5.000000000e+01
8.001812909e+02	2.989439659e+02	1.568464192e+02	5.000000000e+01	5.000000000e+01
7.957268414e+02	3.028326585e+02	1.611586102e+02	5.000000000e+01	5.000000000e+01
7.957613559e+02	2.936811389e+02	1.684521154e+02	5.000000000e+01	5.000000000e+01
7.985299059e+02	3.048396816e+02	1.505394965e+02	5.000000000e+01	5.000000000e+01
8.047832740e+02	3.096681276e+02	1.553756948e+02	5.000000000e+01	5.000000000e+01
7.991981621e+02	2.913311802e+02	1.699113484e+02	5.000000000e+01	5.000000000e+01
7.953363389e+02	2.963768451e+02	1.656219031e+02	5.000000000e+01	5.000000000e+01
7.968437637e+02	3.056283732e+02	1.575219819e+02	5.000000000e+01	5.000000000e+01
8.011753081e+02	3.061169573e+02	1.519815276e+02	5.000000000e+01	5.000000000e+01
7.996644541e+02	3.043321255e+02	1.656858141e+02	5.000000000e+01	5.000000000e+01
8.010262697e+02	2.995885767e+02	1.680647550e+02	5.000000000e+01	5.000000000e+01
8.038350633e+02	2.910661347e+02	1.598466364e+02	5.000000000e+01	5.000000000e+01
7.954449736e+02	2.938875249e+02	1.664004509e+02	5.000000000e+01	5.000000000e+01
8.040263151e+02	3.019426180e+02	1.500542051e+02	5.000000000e+01	5.000000000e+01
8.018896351e+02	3.087415889e+02	1.588263546e+02	5.000000000e+01	5.000000000e+01
7.977552563e+02	3.096699064e+02	1.500133208e+02	5.000000000e+01	5.000000000e+01
8.012250412e+02	3.096235825e+02	1.699691498e+02	5.000000000e+01	5.000000000e+01
8.044522521e+02	2.934867013e+02	1.568080100e+02	5.000000000e+01	5.000000000e+01
7.954110148e+02	3.090449391e+02	1.679635880e+02	5.000000000e+01	5.000000000e+01
7.972168808e+02	3.096114055e+02	1.694501952e+02	5.000000000e+01	5.000000000e+01
8.044769643e+02	3.011614325e+02	1.635263611e+02	5.000000000e+01	5.000000000e+01
8.041427873e+02	3.041601920e+02	1.618138323e+02	5.000000000e+01	5.000000000e+01
8.049554315e+02	2.953810880e+02	1.678662730e+02	5.000000000e+01	5.000000000e+01
7.983344320e+02	3.060394533e+02	1.542746874e+02	5.000000000e+01	5.000000000e+01
8.028300131e+02	2.900710462e+02	1.522705173e+02	5.000000000e+01	5.000000000e+01
8.003865256e+02	2.911547807e+02	1.520613070e+02	5.000000000e+01	5.000000000e+01
7.952372949e+02	3.091460822e+02	1.656660563e+02	5.000000000e+01	5.000000000e+01
8.040942989e+02	3.055995932e+02	1.507081224e+02	5.000000000e+01	5.000000000e+01
7.984511419e+02	2.908621512e+02	1.587137766e+02	5.000000000e+01	5.000000000e+01
8.045874839e+02	2.908709730e+02	1.573519199e+02	5.000000000e+01	5.000000000e+01
7.951252400e+02	2.905008182e+02	1.653870351e+02	5.000000000e+01	5.000000000e+01
8.047081192e+02	3.009953222e+02	1.665091277e+02	5.000000000e+01	5.000000000e+01
8.043272661e+02	2.979153234e+02	1.688645653e+02	5.000000000e+01	5.000000000e+01
7.957319060e+02	2.901751234e+02	1.651895797e+02	5.000000000e+01	5.000000000e+01
8.011021301e+02	2.900122797e+02	1.669095693e+02	5.000000000e+01	5.000000000e+01
8.044692879e+02	3.036133409e+02	1.534803286e+02	5.000000000e+01	5.000000000e+01
8.040661115e+02	3.067839227e+02	1.690696651e+02	5.000000000e+01	5.000000000e+01
7.993928433e+02	3.086897378e+02	1.699522592e+02	5.000000000e+01	5.000000000e+01
7.995517037e+02	3.096419986e+02	1.687507288e+02	5.000000000e+01	5.000000000e+01
8.017879913e+02	3.076871716e+02	1.500343372e+02	5.000000000e+01	5.000000000e+01
7.950664381e+02	2.979470910e+02	1.571353076e+02	5.000000000e+01	5.000000000e+01
7.975076798e+02	3.099225403e+02	1.687245057e+02	5.000000000e+01	5.000000000e+01
7.950430850e+02	3.071862423e+02	1.501099155e+02	5.000000000e+01	5.000000000e+01
8.003554851e+02	3.093947160e+02	1.692701756e+02	5.000000000e+01	5.000000000e+01
7.950400506e+02	3.026188801e+02	1.616098600e+02	5.000000000e+01	5.000000000e+01
8.029537014e+02	2.922147085e+02	1.695294171e+02	5.000000000e+01	5.000000000e+01
7.951550973e+02	3.089225547e+02	1.550678224e+02	5.000000000e+01	5.000000000e+01
7.976548996e+02	2.945149815e+02	1.694828838e+02	5.000000000e+01	5.000000000e+01
7.957100234e+02	3.022600282e+02	1.501261838e+02	5.000000000e+01	5.000000000e+01
8.022824893e+02	3.085992942e+02	1.693266577e+02	5.000000000e+01	5.000000000e+01
7.973768990e+02	2.987618854e+02	1.535244207e+02	5.000000000e+01	5.000000000e+01
7.969604374e+02	2.923338168e+02	1.614940883e+02	5.000000000e+01	5.000000000e+01
8.023081873e+02	3.070055622e+02	1.580791586e+02	5.000000000e+01	5.000000000e+01
7.993882443e+02	2.909578150e+02	1.501218288e+02	5.000000000e+01	5.000000000e+01
7.966734586e+02	2.900925108e+02	1.500305632e+02	5.000000000e+01	5.000000000e+01
7.979315860e+02	3.055483807e+02	1.581110257e+02	5.000000000e+01	5.000000000e+01
8.040073810e+02	2.908882617e+02	1.640657877e+02	5.000000000e+01	5.000000000e+01
7.950083754e+02	2.976393817e+02	1.571876091e+02	5.000000000e+01	5.000000000e+01
7.951372210e+02	3.015994673e+02	1.693148973e+02	5.000000000e+01	5.000000000e+01
7.951973091e+02	2.912533667e+02	1.521203421e+02	5.000000000e+01	5.000000000e+01
8.037722100e+02	2.919008670e+02	1.542134139e+02	5.000000000e+01	5.000000000e+01
7.950664589e+02	2.965354731e+02	1.593593566e+02	5.000000000e+01	5.000000000e+01
7.996149909e+02	2.929177513e+02	1.687822455e+02	5.000000000e+01	5.000000000e+01
8.037195205e+02	2.946440331e+02	1.601726081e+02	5.000000000e+01	5.000000000e+01
8.013071955e+02	2.900555017e+02	1.640658420e+02	5.000000000e+01	5.000000000e+01
8.034438073e+02	2.900544784e+02	1.601573736e+02	5.000000000e+01	5.000000000e+01
7.963709056e+02	2.963756334e+02	1.527775941e+02	5.000000000e+01	5.000000000e+01
8.031610230e+02	2.993096956e+02	1.504310687e+02	5.000000000e+01	5.000000000e+01
7.969114234e+02	3.095584415e+02	1.643535935e+02	5.000000000e+01	5.000000000e+01
7.956211900e+02	2.933109569e+02	1.644638195e+02	5.000000000e+01	5.000000000e+01
7.961662706e+02	3.097181419e+02	1.688390040e+02	5.000000000e+01	5.000000000e+01
8.039311660e+02	3.076774827e+02	1.501409800e+02	5.000000000e+01	5.000000000e+01
8.010834948e+02	2.954591361e+02	1.543370787e+02	5.000000000e+01	5.000000000e+01
8.034339552e+02	2.915637152e+02	1.503111040e+02	5.000000000e+01	5.000000000e+01
7.958378353e+02	3.084863758e+02	1.669773872e+02	5.000000000e+01	5.000000000e+01
8.046022827e+02	3.035806683e+02	1.656598048e+02	5.000000000e+01	5.000000000e+01
8.042522364e+02	3.023173010e+02	1.635809301e+02	5.000000000e+01	5.000000000e+01
8.035176634e+02	3.019682970e+02	1.505784752e+02	5.000000000e+01	5.000000000e+01
8.049989704e+02	3.017283932e+02	1.546867613e+02	5.000000000e+01	5.000000000e+01
7.978847976e+02	3.071199644e+02	1.551479653e+02	5.000000000e+01	5.000000000e+01
8.044387399e+02	2.993528896e+02	1.609305808e+02	5.000000000e+01	5.000000000e+01
8.027330965e+02	3.011405153e+02	1.568499061e+02	5.000000000e+01	5.000000000e+01
8.047225930e+02	2.973596462e+02	1.655142954e+02	5.000000000e+01	5.000000000e+01
8.041212646e+02	3.089455526e+02	1.597022514e+02	5.000000000e+01	5.000000000e+01
8.033637708e+02	3.099987473e+02	1.513430628e+02	5.000000000e+01	5.000000000e+01
8.020583219e+02	2.910300145e+02	1.534101932e+02	5.000000000e+01	5.000000000e+01
7.954509361e+02	2.973286597e+02	1.591534410e+02	5.000000000e+01	5.000000000e+01
7.973964315e+02	2.900204617e+02	1.500491012e+02	5.000000000e+01	5.000000000e+01
8.031809816e+02	2.910158920e+02	1.693075927e+02	5.000000000e+01	5.000000000e+01
8.039601356e+02	2.956694462e+02	1.500500905e+02	5.000000000e+01	5.000000000e+01
7.978279756e+02	3.016671698e+02	1.542431033e+02	5.000000000e+01	5.000000000e+01
8.042713443e+02	3.002137574e+02	1.673190472e+02	5.000000000e+01	5.000000000e+01
7.986303287e+02	3.007393387e+02	1.515191039e+02	5.000000000e+01	5.000000000e+01
8.049771113e+02	3.045372423e+02	1.690753513e+02	5.000000000e+01	5.000000000e+01
8.049874570e+02	3.039860702e+02	1.529457317e+02	5.000000000e+01	5.000000000e+01
7.971366945e+02	3.049145480e+02	1.699482916e+02	5.000000000e+01	5.000000000e+01
8.021442660e+02	3.061431689e+02	1.685049172e+02	5.000000000e+01	5.000000000e+01
7.987789133e+02	2.917289820e+02	1.653605859e+02	5.000000000e+01	5.000000000e+01
7.987434482e+02	2.920610661e+02	1.507331682e+02	5.000000000e+01	5.000000000e+01
8.024617156e+02	3.096381169e+02	1.500861349e+02	5.000000000e+01	5.000000000e+01
7.953074307e+02	3.006153126e+02	1.534077523e+02	5.000000000e+01	5.000000000e+01
8.045584441e+02	2.902146477e+02	1.675639504e+02	5.000000000e+01	5.000000000e+01
8.043575536e+02	3.072160135e+02	1.507667386e+02	5.000000000e+01	5.000000000e+01
7.992857402e+02	3.061887887e+02	1.615090470e+02	5.000000000e+01	5.000000000e+01
7.967575373e+02	3.086386918e+02	1.641892382e+02	5.000000000e+01	5.000000000e+01
8.023697921e+02	3.005090283e+02	1.571228847e+02	5.000000000e+01	5.000000000e+01
7.975109298e+02	2.932588150e+02	1.500406805e+02	5.000000000e+01	5.000000000e+01
7.958362813e+02	2.909919172e+02	1.660369076e+02	5.000000000e+01	5.000000000e+01
7.966654072e+02	2.928497208e+02	1.572614482e+02	5.000000000e+01	5.000000000e+01
7.953790183e+02	3.072253609e+02	1.579950348e+02	5.000000000e+01	5.000000000e+01
8.049220399e+02	2.901407118e+02	1.698490836e+02	5.000000000e+01	5.000000000e+01
8.049988034e+02	2.972384556e+02	1.501779423e+02	5.000000000e+01	5.000000000e+01
8.017126989e+02	2.938081842e+02	1.661385819e+02	5.000000000e+01	5.000000000e+01
7.960852287e+02	2.929755141e+02	1.523963377e+02	5.000000000e+01	5.000000000e+01
7.951028835e+02	2.998418079e+02	1.618888126e+02	5.000000000e+01	5.000000000e+01
7.951831208e+02	3.088510267e+02	1.694341322e+02	5.000000000e+01	5.000000000e+01
8.043051767e+02	3.082818876e+02	1.617840097e+02	5.000000000e+01	5.000000000e+01
8.034045954e+02	2.985544426e+02	1.698987515e+02	5.000000000e+01	5.000000000e+01
8.009681497e+02	2.900363306e+02	1.673714312e+02	5.000000000e+01	5.000000000e+01
8.045346538e+02	2.913220487e+02	1.699626867e+02	5.000000000e+01	5.000000000e+01
8.023376870e+02	2.993495364e+02	1.699216162e+02	5.000000000e+01	5.000000000e+01
8.004864688e+02	3.032921248e+02	1.678788707e+02	5.000000000e+01	5.000000000e+01
7.951169238e+02	2.987197503e+02	1.515768977e+02	5.000000000e+01	5.000000000e+01
7.951390166e+02	3.007725017e+02	1.536925002e+02	5.000000000e+01	5.000000000e+01
8.049922334e+02	3.077930679e+02	1.681773866e+02	5.000000000e+01	5.000000000e+01
7.958476463e+02	3.054032983e+02	1.532577881e+02	5.000000000e+01	5.000000000e+01
8.049280339e+02	3.006152362e+02	1.650924280e+02	5.000000000e+01	5.000000000e+01
8.013694996e+02	2.999968264e+02	1.586639425e+02	5.000000000e+01	5.000000000e+01
7.953047225e+02	3.046711530e+02	1.628047961e+02	5.000000000e+01	5.000000000e+01
7.984984132e+02	3.031165539e+02	1.549905863e+02	5.000000000e+01	5.000000000e+01
7.965212480e+02	3.099569466e+02	1.604195398e+02	5.000000000e+01	5.000000000e+01
7.974152775e+02	3.099968239e+02	1.699264764e+02	5.000000000e+01	5.000000000e+01
8.043979314e+02	2.930576097e+02	1.508926003e+02	5.000000000e+01	5.000000000e+01
8.017864279e+02	2.903661116e+02	1.690590047e+02	5.000000000e+01	5.000000000e+01
8.049564528e+02	2.920575089e+02	1.587972787e+02	5.000000000e+01	5.000000000e+01
8.046344629e+02	2.980815053e+02	1.609450784e+02	5.000000000e+01	5.000000000e+01
8.015889358e+02	2.900357086e+02	1.698103640e+02	5.000000000e+01	5.000000000e+01
7.960697265e+02	3.041758631e+02	1.535991777e+02	5.000000000e+01	5.000000000e+01
7.970608537e+02	2.903484561e+02	1.510458723e+02	5.000000000e+01	5.000000000e+01
8.008056329e+02	2.930402707e+02	1.527730289e+02	5.000000000e+01	5.000000000e+01
7.989599539e+02	3.061974974e+02	1.669169494e+02	5.000000000e+01	5.000000000e+01
7.951662433e+02	3.069481462e+02	1.661187636e+02	5.000000000e+01	5.000000000e+01
7.989960334e+02	3.093845367e+02	1.699768626e+02	5.000000000e+01	5.000000000e+01
8.023367193e+02	3.087247673e+02	1.692344925e+02	5.000000000e+01	5.000000000e+01
7.963819929e+02	3.014761290e+02	1.688849349e+02	5.000000000e+01	5.000000000e+01
8.014759790e+02	2.917435106e+02	1.645746459e+02	5.000000000e+01	5.000000000e+01
8.018890296e+02	3.017778949e+02	1.695437986e+02	5.000000000e+01	5.000000000e+01
7.966230177e+02	3.089791955e+02	1.599574185e+02	5.000000000e+01	5.000000000e+01
8.047829870e+02	3.063203176e+02	1.500057165e+02	5.000000000e+01	5.000000000e+01
8.048400237e+02	3.099736670e+02	1.667715457e+02	5.000000000e+01	5.000000000e+01
8.017088118e+02	2.916276844e+02	1.502927129e+02	5.000000000e+01	5.000000000e+01
8.044778307e+02	3.072700675e+02	1.583709183e+02	5.000000000e+01	5.000000000e+01
8.040878626e+02	2.920799099e+02	1.585039097e+02	5.000000000e+01	5.000000000e+01
7.998465833e+02	2.908281295e+02	1.507384907e+02	5.000000000e+01	5.000000000e+01
8.049975980e+02	3.043221477e+02	1.519243352e+02	5.000000000e+01	5.000000000e+01
8.028992964e+02	2.954836926e+02	1.509987800e+02	5.000000000e+01	5.000000000e+01
8.049507787e+02	3.078838103e+02	1.504315917e+02	5.000000000e+01	5.000000000e+01
8.029280341e+02	3.099006695e+02	1.630106390e+02	5.000000000e+01	5.000000000e+01
8.049351642e+02	2.934623651e+02	1.607044860e+02	5.000000000e+01	5.000000000e+01
8.029917539e+02	3.094289112e+02	1.646556137e+02	5.000000000e+01	5.000000000e+01
8.047725941e+02	3.076575780e+02	1.561103213e+02	5.000000000e+01	5.000000000e+01
7.954131560e+02	2.911019499e+02	1.585828686e+02	5.000000000e+01	5.000000000e+01
8.016680602e+02	2.910208463e+02	1.560114250e+02	5.000000000e+01	5.000000000e+01
8.000596002e+02	3.099900505e+02	1.526018667e+02	5.000000000e+01	5.000000000e+01
7.974457647e+02	2.977555584e+02	1.629496658e+02	5.000000000e+01	5.000000000e+01
7.953287937e+02	2.928089197e+02	1.534472777e+02	5.000000000e+01	5.000000000e+01
7.954029218e+02	2.903097571e+02	1.654977307e+02	5.000000000e+01	5.000000000e+01
7.994071063e+02	2.977274365e+02	1.609059377e+02	5.000000000e+01	5.000000000e+01
7.981977218e+02	3.026900687e+02	1.504605705e+02	5.000000000e+01	5.000000000e+01
7.962066781e+02	2.968273556e+02	1.669125326e+02	5.000000000e+01	5.000000000e+01
7.980994787e+02	2.934090200e+02	1.529352714e+02	5.000000000e+01	5.000000000e+01
8.049899111e+02	3.087156645e+02	1.529705381e+02	5.000000000e+01	5.000000000e+01
7.981093675e+02	2.941487825e+02	1.638955596e+02	5.000000000e+01	5.000000000e+01
8.033570159e+02	3.081506523e+02	1.522262192e+02	5.000000000e+01	5.000000000e+01
7.956492972e+02	2.938899122e+02	1.555089800e+02	5.000000000e+01	5.000000000e+01
7.999477246e+02	2.994930547e+02	1.645232809e+02	5.000000000e+01	5.000000000e+01
7.978022676e+02	3.072521009e+02	1.548846915e+02	5.000000000e+01	5.000000000e+01
8.042368165e+02	3.016035927e+02	1.694684136e+02	5.000000000e+01	5.000000000e+01
8.007170540e+02	2.927348736e+02	1.623173255e+02	5.000000000e+01	5.000000000e+01
8.045592802e+02	3.019908078e+02	1.682346383e+02	5.000000000e+01	5.000000000e+01
8.034192882e+02	2.901047747e+02	1.575924254e+02	5.000000000e+01	5.000000000e+01
7.961335539e+02	2.936392022e+02	1.691277217e+02	5.000000000e+01	5.000000000e+01
7.963427301e+02	2.930312951e+02	1.670194023e+02	5.000000000e+01	5.000000000e+01
8.031522089e+02	2.922401336e+02	1.503290902e+02	5.000000000e+01	5.000000000e+01
8.029974976e+02	2.967191698e+02	1.524748762e+02	5.000000000e+01	5.000000000e+01
8.039472600e+02	3.076853241e+02	1.632071912e+02	5.000000000e+01	5.000000000e+01
7.961957713e+02	3.089530497e+02	1.632154555e+02	5.000000000e+01	5.000000000e+01
8.043887370e+02	2.917351237e+02	1.598086023e+02	5.000000000e+01	5.000000000e+01
8.026643829e+02	2.936104246e+02	1.627419296e+02	5.000000000e+01	5.000000000e+01
7.952384623e+02	2.901873676e+02	1.506435747e+02	5.000000000e+01	5.000000000e+01
8.044315503e+02	2.943562377e+02	1.652542736e+02	5.000000000e+01	5.000000000e+01
7.988658591e+02	2.901329474e+02	1.679786439e+02	5.000000000e+01	5.000000000e+01
7.962373848e+02	2.978132523e+02	1.604004866e+02	5.000000000e+01	5.000000000e+01
8.008718200e+02	3.072263284e+02	1.665368578e+02	5.000000000e+01	5.000000000e+01
8.027286219e+02	3.044468486e+02	1.564307815e+02	5.000000000e+01	5.000000000e+01
7.951365679e+02	2.916543124e+02	1.699612668e+02	5.000000000e+01	5.000000000e+01
7.979409559e+02	3.099757181e+02	1.656482409e+02	5.000000000e+01	5.000000000e+01
7.953603236e+02	3.078790137e+02	1.687333740e+02	5.000000000e+01	5.000000000e+01
7.995880616e+02	2.998488843e+02	1.587203480e+02	5.000000000e+01	5.000000000e+01
7.951797518e+02	2.920810577e+02	1.538948164e+02	5.000000000e+01	5.000000000e+01
7.975925026e+02	2.900236957e+02	1.672364874e+02	5.000000000e+01	5.000000000e+01
7.951443475e+02	3.066276558e+02	1.500162054e+02	5.000000000e+01	5.000000000e+01
7.991228194e+02	3.023566846e+02	1.505005154e+02	5.000000000e+01	5.000000000e+01
8.032426350e+02	3.074979127e+02	1.699954341e+02	5.000000000e+01	5.000000000e+01
7.951921648e+02	2.908729957e+02	1.653656402e+02	5.000000000e+01	5.000000000e+01
8.002112664e+02	2.947138908e+02	1.694521631e+02	5.000000000e+01	5.000000000e+01
8.046985765e+02	3.031263879e+02	1.591249039e+02	5.000000000e+01	5.000000000e+01
7.961318533e+02	3.065987753e+02	1.582938061e+02	5.000000000e+01	5.000000000e+01
7.959701063e+02	2.984749090e+02	1.500439143e+02	5.000000000e+01	5.000000000e+01
7.952101230e+02	3.017451204e+02	1.500902068e+02	5.000000000e+01	5.000000000e+01
7.963149414e+02	2.948972247e+02	1.519360163e+02	5.000000000e+01	5.000000000e+01
7.995346521e+02	2.902636566e+02	1.605581841e+02	5.000000000e+01	5.000000000e+01
8.004194172e+02	2.909075418e+02	1.569767896e+02	5.000000000e+01	5.000000000e+01
8.029890620e+02	3.089563698e+02	1.645111158e+02	5.000000000e+01	5.000000000e+01
7.950136440e+02	3.078950052e+02	1.699512911e+02	5.000000000e+01	5.000000000e+01
8.023766187e+02	2.951647253e+02	1.695940800e+02	5.000000000e+01	5.000000000e+01
7.951904171e+02	2.912404498e+02	1.507734020e+02	5.000000000e+01	5.000000000e+01
7.958426368e+02	2.943903653e+02	1.557973275e+02	5.000000000e+01	5.000000000e+01
7.987365799e+02	2.900640993e+02	1.561179458e+02	5.000000000e+01	5.000000000e+01
8.022958150e+02	2.924498997e+02	1.609045679e+02	5.000000000e+01	5.000000000e+01
7.950141195e+02	2.900400632e+02	1.511795482e+02	5.000000000e+01	5.000000000e+01
8.029601439e+02	3.091424275e+02	1.697998121e+02	5.000000000e+01	5.000000000e+01
8.042357295e+02	3.094633297e+02	1.650560189e+02	5.000000000e+01	5.000000000e+01
7.956403540e+02	3.082889773e+02	1.565838504e+02	5.000000000e+01	5.000000000e+01
8.047290050e+02	3.051616155e+02	1.655080426e+02	5.000000000e+01	5.000000000e+01
7.983796799e+02	3.097918886e+02	1.546791492e+02	5.000000000e+01	5.000000000e+01
8.025304040e+02	3.084975161e+02	1.662242596e+02	5.000000000e+01	5.000000000e+01
8.049676292e+02	3.042707326e+02	1.586552978e+02	5.000000000e+01	5.000000000e+01
8.036075392e+02	2.904328054e+02	1.538720699e+02	5.000000000e+01	5.000000000e+01
7.950434120e+02	2.902812637e+02	1.562202756e+02	5.000000000e+01	5.000000000e+01
7.952095365e+02	2.911704846e+02	1.501464614e+02	5.000000000e+01	5.000000000e+01
8.048882195e+02	2.921156677e+02	1.696809824e+02	5.000000000e+01	5.000000000e+01
7.959440899e+02	3.034435132e+02	1.657380049e+02	5.000000000e+01	5.000000000e+01
7.999654635e+02	3.011217098e+02	1.580279505e+02	5.000000000e+01	5.000000000e+01
7.951100004e+02	3.047932825e+02	1.523630992e+02	5.000000000e+01	5.000000000e+01
8.042084895e+02	2.933214028e+02	1.529767195e+02	5.000000000e+01	5.000000000e+01
7.952744513e+02	3.092044911e+02	1.642477845e+02	5.000000000e+01	5.000000000e+01
8.045520663e+02	3.089452273e+02	1.538779454e+02	5.000000000e+01	5.000000000e+01
7.953684286e+02	2.923536075e+02	1.621706627e+02	5.000000000e+01	5.000000000e+01
8.045187249e+02	3.085797023e+02	1.674357755e+02	5.000000000e+01	5.000000000e+01
8.039017914e+02	3.027600323e+02	1.574809966e+02	5.000000000e+01	5.000000000e+01
7.978323210e+02	2.917403471e+02	1.699172594e+02	5.000000000e+01	5.000000000e+01
7.976070403e+02	3.099095730e+02	1.561390091e+02	5.000000000e+01	5.000000000e+01
7.950232897e+02	3.063588052e+02	1.699196763e+02	5.000000000e+01	5.000000000e+01
8.039198403e+02	2.906330894e+02	1.517173446e+02	5.000000000e+01	5.000000000e+01
8.049909481e+02	3.094367243e+02	1.554730497e+02	5.000000000e+01	5.000000000e+01
7.955496394e+02	3.096345884e+02	1.604829557e+02	5.000000000e+01	5.000000000e+01
8.011884137e+02	2.938821985e+02	1.699678645e+02	5.000000000e+01	5.000000000e+01
8.045745740e+02	3.076363149e+02	1.632688883e+02	5.000000000e+01	5.000000000e+01
7.955957325e+02	2.916879238e+02	1.690439192e+02	5.000000000e+01	5.000000000e+01
8.002713822e+02	3.027116926e+02	1.500334760e+02	5.000000000e+01	5.000000000e+01
7.999021049e+02	2.930824501e+02	1.606154198e+02	5.000000000e+01	5.000000000e+01
7.982881651e+02	3.054741364e+02	1.526214011e+02	5.000000000e+01	5.000000000e+01
7.995202451e+02	3.037382036e+02	1.623822164e+02	5.000000000e+01	5.000000000e+01
7.955097529e+02	2.971021433e+02	1.636162362e+02	5.000000000e+01	5.000000000e+01
8.035021662e+02	2.917644986e+02	1.501798000e+02	5.000000000e+01	5.000000000e+01
7.960664469e+02	3.098431627e+02	1.549525694e+02	5.000000000e+01	5.000000000e+01
8.049340434e+02	3.020670570e+02	1.520493235e+02	5.000000000e+01	5.000000000e+01
8.003941176e+02	2.955847845e+02	1.643517216e+02	5.000000000e+01	5.000000000e+01
7.950631248e+02	3.066813148e+02	1.637645804e+02	5.000000000e+01	5.000000000e+01
7.952025484e+02	3.095032160e+02	1.620770436e+02	5.000000000e+01	5.000000000e+01
7.958843928e+02	3.035426979e+02	1.605909407e+02	5.000000000e+01	5.000000000e+01
8.020031674e+02	2.901133494e+02	1.599131108e+02	5.000000000e+01	5.000000000e+01
8.032163117e+02	2.944294462e+02	1.544338361e+02	5.000000000e+01	5.000000000e+01
8.016151761e+02	2.929125265e+02	1.508962028e+02	5.000000000e+01	5.000000000e+01
7.979211541e+02	2.929697462e+02	1.699972634e+02	5.000000000e+01	5.000000000e+01
8.021889849e+02	3.028726529e+02	1.505241059e+02	5.000000000e+01	5.000000000e+01
7.954834639e+02	2.953710149e+02	1.622969889e+02	5.000000000e+01	5.000000000e+01
8.024216379e+02	2.996912538e+02	1.571473887e+02	5.000000000e+01	5.000000000e+01
7.957776440e+02	3.066595595e+02	1.500667480e+02	5.000000000e+01	5.000000000e+01
7.986558279e+02	3.076734188e+02	1.655377111e+02	5.000000000e+01	5.000000000e+01
7.979224982e+02	3.046799400e+02	1.695500787e+02	5.000000000e+01	5.000000000e+01
7.984472729e+02	3.052083300e+02	1.638161454e+02	5.000000000e+01	5.000000000e+01
7.981234423e+02	3.084331583e+02	1.659204994e+02	5.000000000e+01	5.000000000e+01
8.021978482e+02	2.941162014e+02	1.587144388e+02	5.000000000e+01	5.000000000e+01
7.963840707e+02	3.098472108e+02	1.512212553e+02	5.000000000e+01	5.000000000e+01
7.992197035e+02	3.004763716e+02	1.592511080e+02	5.000000000e+01	5.000000000e+01
8.044516049e+02	3.018089456e+02	1.666721131e+02	5.000000000e+01	5.000000000e+01
7.989279774e+02	2.947589376e+02	1.686894682e+02	5.000000000e+01	5.000000000e+01
8.005469850e+02	3.021669689e+02	1.518427635e+02	5.000000000e+01	5.000000000e+01
8.027305856e+02	2.910059142e+02	1.693959514e+02	5.000000000e+01	5.000000000e+01
7.952179286e+02	3.098871138e+02	1.508357278e+02	5.000000000e+01	5.000000000e+01
8.049804779e+02	3.091100964e+02	1.671689899e+02	5.000000000e+01	5.000000000e+01
7.971797183e+02	2.903697841e+02	1.511794779e+02	5.000000000e+01	5.000000000e+01
8.047912126e+02	3.092137449e+02	1.633802117e+02	5.000000000e+01	5.000000000e+01
8.048529918e+02	3.090930164e+02	1.503724842e+02	5.000000000e+01	5.000000000e+01
7.950161872e+02	3.081013689e+02	1.566897906e+02	5.000000000e+01	5.000000000e+01
7.984710859e+02	2.968090659e+02	1.653569383e+02	5.000000000e+01	5.000000000e+01
8.049821946e+02	3.096603322e+02	1.680258078e+02	5.000000000e+01	5.000000000e+01
8.002183907e+02	3.099859584e+02	1.634563947e+02	5.000000000e+01	5.000000000e+01
8.019415198e+02	2.941689515e+02	1.501095248e+02	5.000000000e+01	5.000000000e+01
7.962423098e+02	3.071139410e+02	1.542932076e+02	5.000000000e+01	5.000000000e+01
8.005061507e+02	3.073854552e+02	1.582670966e+02	5.000000000e+01	5.000000000e+01
8.048395209e+02	2.912851867e+02	1.519589506e+02	5.000000000e+01	5.000000000e+01
8.012745885e+02	3.096650968e+02	1.641050023e+02	5.000000000e+01	5.000000000e+01
7.950900237e+02	2.971418812e+02	1.699901366e+02	5.000000000e+01	5.000000000e+01
8.043865653e+02	2.913455988e+02	1.664992539e+02	5.000000000e+01	5.000000000e+01
7.982534772e+02	2.920220048e+02	1.549820414e+02	5.000000000e+01	5.000000000e+01
8.048068406e+02	2.900892816e+02	1.680313079e+02	5.000000000e+01	5.000000000e+01
7.974428168e+02	2.902142935e+02	1.684288528e+02	5.000000000e+01	5.000000000e+01
8.048530712e+02	3.097170269e+02	1.510940681e+02	5.000000000e+01	5.000000000e+01
8.030785620e+02	3.027432739e+02	1.604958658e+02	5.000000000e+01	5.000000000e+01
8.028608181e+02	3.010759604e+02	1.615534723e+02	5.000000000e+01	5.000000000e+01
7.957448519e+02	2.901048727e+02	1.628665285e+02	5.000000000e+01	5.000000000e+01
7.951440317e+02	2.923300689e+02	1.669380748e+02	5.000000000e+01	5.000000000e+01
7.950306331e+02	3.093989536e+02	1.644154857e+02	5.000000000e+01	5.000000000e+01
8.044222115e+02	2.939316923e+02	1.686319792e+02	5.000000000e+01	5.000000000e+01
7.969427011e+02	2.918076642e+02	1.691473919e+02	5.000000000e+01	5.000000000e+01
8.045320176e+02	2.908119104e+02	1.563319331e+02	5.000000000e+01	5.000000000e+01
7.980079523e+02	3.056671642e+02	1.501323618e+02	5.000000000e+01	5.000000000e+01
7.982717018e+02	2.979224176e+02	1.546331947e+02	5.000000000e+01	5.000000000e+01
7.986249776e+02	2.905011519e+02	1.691963617e+02	5.000000000e+01	5.000000000e+01
8.040016357e+02	3.039704937e+02	1.691723433e+02	5.000000000e+01	5.000000000e+01
7.998016988e+02	3.096622539e+02	1.685513084e+02	5.000000000e+01	5.000000000e+01
7.957940603e+02	3.035452275e+02	1.578649353e+02	5.000000000e+01	5.000000000e+01
7.950485835e+02	2.902867447e+02	1.546694451e+02	5.000000000e+01	5.000000000e+01
8.049973989e+02	2.956351132e+02	1.590739883e+02	5.000000000e+01	5.000000000e+01
7.955088037e+02	2.900124466e+02	1.555689754e+02	5.000000000e+01	5.000000000e+01
8.029703127e+02	3.096139183e+02	1.681425279e+02	5.000000000e+01	5.000000000e+01
8.012245292e+02	2.921277163e+02	1.593897473e+02	5.000000000e+01	5.000000000e+01
8.021808942e+02	2.986704526e+02	1.593737913e+02	5.000000000e+01	5.000000000e+01
8.030130761e+02	2.914475128e+02	1.665966579e+02	5.000000000e+01	5.000000000e+01
7.955776827e+02	3.089769192e+02	1.540375243e+02	5.000000000e+01	5.000000000e+01
7.952199973e+02	2.903710219e+02	1.504841732e+02	5.000000000e+01	5.000000000e+01
7.950584388e+02	3.028399602e+02	1.507053107e+02	5.000000000e+01	5.000000000e+01
7.968579893e+02	2.986319467e+02	1.533795513e+02	5.000000000e+01	5.000000000e+01
7.963926900e+02	2.992718278e+02	1.527136620e+02	5.000000000e+01	5.000000000e+01
7.954264632e+02	2.903089280e+02	1.591389603e+02	5.000000000e+01	5.000000000e+01
7.979570685e+02	2.902026971e+02	1.677572493e+02	5.000000000e+01	5.000000000e+01
8.012651369e+02	2.924701802e+02	1.565859906e+02	5.000000000e+01	5.000000000e+01
8.034022125e+02	3.081752868e+02	1.508910152e+02	5.000000000e+01	5.000000000e+01
7.986433432e+02	3.098517845e+02	1.698239803e+02	5.000000000e+01	5.000000000e+01
7.968347384e+02	3.036022162e+02	1.605862025e+02	5.000000000e+01	5.000000000e+01
8.047600497e+02	3.022654934e+02	1.500027973e+02	5.000000000e+01	5.000000000e+01
8.044156809e+02	2.954238006e+02	1.551282074e+02	5.000000000e+01	5.000000000e+01
8.033069066e+02	2.947946173e+02	1.673243489e+02	5.000000000e+01	5.000000000e+01
7.950795362e+02	3.089029071e+02	1.613073821e+02	5.000000000e+01	5.000000000e+01
8.042713632e+02	2.985969557e+02	1.556512788e+02	5.000000000e+01	5.000000000e+01
8.023310837e+02	2.949397262e+02	1.523671273e+02	5.000000000e+01	5.000000000e+01
8.045177077e+02	2.926367556e+02	1.687635054e+02	5.000000000e+01	5.000000000e+01
7.997347192e+02	2.964966149e+02	1.613447374e+02	5.000000000e+01	5.000000000e+01
8.046655859e+02	2.986238680e+02	1.570178035e+02	5.000000000e+01	5.000000000e+01
7.968513406e+02	3.036375280e+02	1.689894765e+02	5.000000000e+01	5.000000000e+01
7.992269968e+02	2.912735866e+02	1.532471531e+02	5.000000000e+01	5.000000000e+01
7.989541780e+02	2.931703147e+02	1.568832004e+02	5.000000000e+01	5.000000000e+01
7.952958273e+02	3.080701913e+02	1.611331946e+02	5.000000000e+01	5.000000000e+01
8.040630408e+02	3.061721600e+02	1.505417214e+02	5.000000000e+01	5.000000000e+01
8.033829022e+02	3.049590345e+02	1.647302999e+02	5.000000000e+01	5.000000000e+01
7.950194487e+02	3.036348708e+02	1.655195857e+02	5.000000000e+01	5.000000000e+01
7.992967312e+02	3.090726960e+02	1.548772001e+02	5.000000000e+01	5.000000000e+01
8.048951791e+02	3.017141066e+02	1.500177627e+02	5.000000000e+01	5.000000000e+01
7.992594426e+02	2.990050664e+02	1.502629644e+02	5.000000000e+01	5.000000000e+01
8.049904915e+02	3.072978660e+02	1.512753722e+02	5.000000000e+01	5.000000000e+01
7.951262726e+02	3.099756936e+02	1.587317999e+02	5.000000000e+01	5.000000000e+01
8.037495807e+02	3.088754277e+02	1.571902821e+02	5.000000000e+01	5.000000000e+01
7.951538872e+02	3.087363443e+02	1.587623578e+02	5.000000000e+01	5.000000000e+01
8.012360310e+02	2.907819639e+02	1.534849284e+02	5.000000000e+01	5.000000000e+01
8.027131184e+02	2.915376449e+02	1.567687765e+02	5.000000000e+01	5.000000000e+01
8.020653021e+02	2.906545729e+02	1.688508224e+02	5.000000000e+01	5.000000000e+01
8.039864491e+02	3.093209308e+02	1.688028881e+02	5.000000000e+01	5.000000000e+01
8.034998701e+02	3.037206010e+02	1.551267492e+02	5.000000000e+01	5.000000000e+01
8.049689322e+02	3.094135765e+02	1.691784072e+02	5.000000000e+01	5.000000000e+01
8.028537914e+02	2.945535301e+02	1.612080966e+02	5.000000000e+01	5.000000000e+01
7.983515000e+02	3.090643399e+02	1.572989735e+02	5.000000000e+01	5.000000000e+01
7.952610924e+02	3.005729398e+02	1.699314960e+02	5.000000000e+01	5.000000000e+01
7.989953087e+02	2.947938498e+02	1.588786693e+02	5.000000000e+01	5.000000000e+01
8.030211762e+02	2.901416590e+02	1.697185050e+02	5.000000000e+01	5.000000000e+01
8.040620593e+02	3.050518744e+02	1.549697315e+02	5.000000000e+01	5.000000000e+01
8.049999240e+02	3.021701690e+02	1.654671986e+02	5.000000000e+01	5.000000000e+01
7.967600302e+02	3.090026146e+02	1.691925390e+02	5.000000000e+01	5.000000000e+01
8.000591759e+02	2.948575644e+02	1.590412476e+02	5.000000000e+01	5.000000000e+01
7.970402362e+02	3.099653948e+02	1.609274232e+02	5.000000000e+01	5.000000000e+01
8.039398413e+02	3.079679933e+02	1.681011263e+02	5.000000000e+01	5.000000000e+01
7.971295081e+02	2.934332624e+02	1.503484311e+02	5.000000000e+01	5.000000000e+01
7.986669322e+02	3.006202193e+02	1.505868249e+02	5.000000000e+01	5.000000000e+01
8.019917425e+02	3.023862158e+02	1.514821697e+02	5.000000000e+01	5.000000000e+01
7.966720338e+02	3.088753313e+02	1.580357722e+02	5.000000000e+01	5.000000000e+01
7.952242007e+02	3.050815193e+02	1.697386517e+02	5.000000000e+01	5.000000000e+01
7.950583596e+02	2.901881238e+02	1.570138085e+02	5.000000000e+01	5.000000000e+01
8.027261409e+02	2.964252672e+02	1.613444886e+02	5.000000000e+01	5.000000000e+01
7.960329319e+02	2.900729686e+02	1.544476062e+02	5.000000000e+01	5.000000000e+01
8.048898237e+02	3.060611797e+02	1.603368945e+02	5.000000000e+01	5.000000000e+01
8.033621046e+02	2.906606705e+02	1.699075722e+02	5.000000000e+01	5.000000000e+01
7.983537313e+02	2.922939400e+02	1.555854220e+02	5.000000000e+01	5.000000000e+01
7.982527569e+02	2.902795538e+02	1.679009127e+02	5.000000000e+01	5.000000000e+01
8.031995345e+02	2.909477217e+02	1.688810379e+02	5.000000000e+01	5.000000000e+01
7.950192116e+02	3.073882070e+02	1.699989760e+02	5.000000000e+01	5.000000000e+01
8.049985005e+02	2.988044269e+02	1.610645944e+02	5.000000000e+01	5.000000000e+01
8.001989478e+02	2.937376815e+02	1.648935757e+02	5.000000000e+01	5.000000000e+01
7.966181327e+02	2.904507700e+02	1.578216068e+02	5.000000000e+01	5.000000000e+01
7.950745792e+02	3.034663603e+02	1.695177779e+02	5.000000000e+01	5.000000000e+01
8.041351641e+02	2.923860169e+02	1.506072876e+02	5.000000000e+01	5.000000000e+01
7.993017438e+02	3.015171442e+02	1.609319781e+02	5.000000000e+01	5.000000000e+01
8.035292479e+02	3.070284285e+02	1.644615580e+02	5.000000000e+01	5.000000000e+01
7.986350819e+02	3.098114570e+02	1.503625892e+02	5.000000000e+01	5.000000000e+01
7.969533397e+02	2.931939697e+02	1.680353910e+02	5.000000000e+01	5.000000000e+01
7.950317779e+02	2.947428967e+02	1.624168497e+02	5.000000000e+01	5.000000000e+01
8.030157077e+02	2.900048071e+02	1.689983292e+02	5.000000000e+01	5.000000000e+01
7.963578251e+02	2.913250696e+02	1.611904806e+02	5.000000000e+01	5.000000000e+01
7.958342419e+02	3.065008629e+02	1.622431998e+02	5.000000000e+01	5.000000000e+01
8.048587761e+02	3.083177248e+02	1.558015810e+02	5.000000000e+01	5.000000000e+01
8.047921753e+02	3.004251648e+02	1.582646418e+02	5.000000000e+01	5.000000000e+01
7.999959091e+02	3.003982979e+02	1.659675099e+02	5.000000000e+01	5.000000000e+01
8.048882759e+02	3.010800107e+02	1.684244779e+02	5.000000000e+01	5.000000000e+01
8.006336979e+02	3.099949939e+02	1.507134934e+02	5.000000000e+01	5.000000000e+01
7.987197500e+02	3.029399785e+02	1.508358273e+02	5.000000000e+01	5.000000000e+01
8.039325951e+02	2.906442545e+02	1.698398488e+02	5.000000000e+01	5.000000000e+01
8.006327255e+02	2.927684711e+02	1.662036537e+02	5.000000000e+01	5.000000000e+01
8.042168257e+02	3.089343441e+02	1.677090386e+02	5.000000000e+01	5.000000000e+01
8.049901001e+02	3.066483188e+02	1.695938908e+02	5.000000000e+01	5.000000000e+01
7.990995253e+02	2.997252721e+02	1.654259780e+02	5.000000000e+01	5.000000000e+01
7.953749591e+02	3.088150560e+02	1.602929149e+02	5.000000000e+01	5.000000000e+01
8.044250016e+02	3.085565804e+02	1.500256959e+02	5.000000000e+01	5.000000000e+01
8.032121886e+02	2.933616739e+02	1.590134822e+02	5.000000000e+01	5.000000000e+01
8.037729268e+02	2.971584889e+02	1.555204145e+02	5.000000000e+01	5.000000000e+01
8.025284619e+02	2.900719053e+02	1.696507064e+02	5.000000000e+01	5.000000000e+01
8.044577361e+02	2.934699276e+02	1.518188735e+02	5.000000000e+01	5.000000000e+01
8.049365822e+02	2.909683280e+02	1.522011751e+02	5.000000000e+01	5.000000000e+01
8.038662811e+02	3.025215520e+02	1.608271592e+02	5.000000000e+01	5.000000000e+01
7.990818987e+02	2.900890080e+02	1.679077355e+02	5.000000000e+01	5.000000000e+01
7.999083245e+02	2.914140816e+02	1.576786009e+02	5.000000000e+01	5.000000000e+01
7.963243997e+02	2.904172378e+02	1.502154990e+02	5.000000000e+01	5.000000000e+01
7.974243493e+02	3.069950739e+02	1.699940983e+02	5.000000000e+01	5.000000000e+01
8.024594977e+02	3.054320299e+02	1.613561041e+02	5.000000000e+01	5.000000000e+01
8.019798079e+02	3.099948211e+02	1.555763336e+02	5.000000000e+01	5.000000000e+01
8.037684924e+02	2.906255876e+02	1.646344849e+02	5.000000000e+01	5.000000000e+01
8.049947397e+02	2.900820830e+02	1.547165680e+02	5.000000000e+01	5.000000000e+01
7.982417672e+02	2.914034652e+02	1.500916764e+02	5.000000000e+01	5.000000000e+01
7.952305497e+02	3.018596212e+02	1.653696164e+02	5.000000000e+01	5.000000000e+01
7.950649163e+02	3.025284036e+02	1.698920807e+02	5.000000000e+01	5.000000000e+01
7.985283791e+02	2.961481329e+02	1.502442484e+02	5.000000000e+01	5.000000000e+01
7.959573015e+02	3.099695284e+02	1.592445190e+02	5.000000000e+01	5.000000000e+01
7.950399733e+02	2.936353146e+02	1.619540010e+02	5.000000000e+01	5.000000000e+01
7.966546917e+02	3.099233071e+02	1.552547126e+02	5.000000000e+01	5.000000000e+01
8.011773448e+02	3.083917707e+02	1.602488664e+02	5.000000000e+01	5.000000000e+01
7.959490474e+02	3.047279390e+02	1.530861666e+02	5.000000000e+01	5.000000000e+01
7.950287216e+02	3.058478158e+02	1.695251220e+02	5.000000000e+01	5.000000000e+01
8.027036047e+02	2.985989966e+02	1.656087528e+02	5.000000000e+01	5.000000000e+01
8.046461756e+02	3.081899662e+02	1.576199602e+02	5.000000000e+01	5.000000000e+01
8.024217853e+02	3.098813725e+02	1.685272293e+02	5.000000000e+01	5.000000000e+01
8.012889269e+02	3.059716338e+02	1.508184546e+02	5.000000000e+01	5.000000000e+01
7.958205688e+02	3.066174164e+02	1.690620458e+02	5.000000000e+01	5.000000000e+01
7.965895081e+02	3.065795535e+02	1.687922767e+02	5.000000000e+01	5.000000000e+01
7.957777343e+02	3.070857226e+02	1.617760734e+02	5.000000000e+01	5.000000000e+01
7.981575579e+02	2.984829556e+02	1.534584197e+02	5.000000000e+01	5.000000000e+01
8.004295077e+02	3.099744258e+02	1.694392569e+02	5.000000000e+01	5.000000000e+01
7.950002152e+02	3.069214609e+02	1.653347769e+02	5.000000000e+01	5.000000000e+01
8.047628353e+02	2.960687553e+02	1.534462328e+02	5.000000000e+01	5.000000000e+01
8.002716168e+02	2.905788581e+02	1.581399511e+02	5.000000000e+01	5.000000000e+01
7.984175776e+02	3.007880907e+02	1.505366691e+02	5.000000000e+01	5.000000000e+01
7.973865049e+02	3.081598524e+02	1.500060700e+02	5.000000000e+01	5.000000000e+01
8.016342575e+02	3.087394655e+02	1.676151603e+02	5.000000000e+01	5.000000000e+01
8.049777853e+02	3.058595969e+02	1.588095577e+02	5.000000000e+01	5.000000000e+01
8.013994868e+02	3.042817704e+02	1.510969511e+02	5.000000000e+01	5.000000000e+01
8.037145813e+02	2.900778313e+02	1.684768388e+02	5.000000000e+01	5.000000000e+01
8.043273875e+02	3.054377905e+02	1.541684997e+02	5.000000000e+01	5.000000000e+01
8.022057864e+02	3.093658015e+02	1.539730734e+02	5.000000000e+01	5.000000000e+01
8.048746950e+02	2.940359815e+02	1.501906959e+02	5.000000000e+01	5.000000000e+01
8.043502567e+02	3.008792097e+02	1.616171788e+02	5.000000000e+01	5.000000000e+01
7.988191368e+02	2.923424890e+02	1.565591109e+02	5.000000000e+01	5.000000000e+01
8.023560705e+02	2.913622354e+02	1.584780721e+02	5.000000000e+01	5.000000000e+01
7.995991272e+02	2.942638176e+02	1.579337681e+02	5.000000000e+01	5.000000000e+01
8.016976861e+02	2.955339699e+02	1.537311919e+02	5.000000000e+01	5.000000000e+01
7.962119587e+02	3.082724832e+02	1.615963267e+02	5.000000000e+01	5.000000000e+01
8.048164429e+02	3.033631252e+02	1.620007497e+02	5.000000000e+01	5.000000000e+01
7.951330999e+02	3.093671686e+02	1.677118778e+02	5.000000000e+01	5.000000000e+01
7.961746230e+02	3.097545686e+02	1.697093637e+02	5.000000000e+01	5.000000000e+01
7.955697468e+02	3.099581176e+02	1.698368911e+02	5.000000000e+01	5.000000000e+01
8.021853745e+02	3.004515052e+02	1.678821302e+02	5.000000000e+01	5.000000000e+01
8.033194193e+02	3.024918470e+02	1.503943301e+02	5.000000000e+01	5.000000000e+01
7.958958831e+02	3.099848970e+02	1.669122019e+02	5.000000000e+01	5.000000000e+01
7.961955532e+02	2.989150211e+02	1.680291338e+02	5.000000000e+01	5.000000000e+01
8.023797816e+02	3.091162268e+02	1.671623432e+02	5.000000000e+01	5.000000000e+01
7.959118594e+02	3.063952449e+02	1.505059652e+02	5.000000000e+01	5.000000000e+01
7.985022321e+02	3.056473323e+02	1.664593599e+02	5.000000000e+01	5.000000000e+01
7.976080735e+02	2.986889694e+02	1.520783594e+02	5.000000000e+01	5.000000000e+01
7.952215173e+02	2.942074993e+02	1.647948293e+02	5.000000000e+01	5.000000000e+01
7.950546796e+02	3.097514040e+02	1.500522478e+02	5.000000000e+01	5.000000000e+01
7.950027399e+02	3.025326840e+02	1.670465865e+02	5.000000000e+01	5.000000000e+01
7.952981985e+02	2.938522425e+02	1.641007443e+02	5.000000000e+01	5.000000000e+01
7.973708706e+02	3.059496271e+02	1.682553224e+02	5.000000000e+01	5.000000000e+01
8.014924402e+02	3.099871983e+02	1.501185337e+02	5.000000000e+01	5.000000000e+01
8.015314260e+02	3.099782344e+02	1.566762494e+02	5.000000000e+01	5.000000000e+01
8.048689476e+02	3.013892645e+02	1.592327107e+02	5.000000000e+01	5.000000000e+01
8.047697587e+02	2.914065588e+02	1.556282806e+02	5.000000000e+01	5.000000000e+01
7.974034230e+02	3.031704475e+02	1.504879468e+02	5.000000000e+01	5.000000000e+01
8.013936921e+02	3.092118414e+02	1.641624042e+02	5.000000000e+01	5.000000000e+01
7.974235546e+02	2.907650033e+02	1.699720357e+02	5.000000000e+01	5.000000000e+01
7.956331934e+02	3.070469599e+02	1.525983360e+02	5.000000000e+01	5.000000000e+01
7.951562574e+02	2.972676482e+02	1.534670853e+02	5.000000000e+01	5.000000000e+01
7.952886158e+02	2.959463914e+02	1.617001785e+02	5.000000000e+01	5.000000000e+01
7.998978775e+02	2.947070397e+02	1.685269975e+02	5.000000000e+01	5.000000000e+01
7.956496144e+02	3.099906229e+02	1.699551392e+02	5.000000000e+01	5.000000000e+01
8.001833894e+02	3.006150163e+02	1.507658067e+02	5.000000000e+01	5.000000000e+01
8.024874411e+02	3.051316981e+02	1.630475129e+02	5.000000000e+01	5.000000000e+01
8.049217618e+02	2.999837009e+02	1.625909794e+02	5.000000000e+01	5.000000000e+01
7.994680393e+02	3.071141604e+02	1.637220644e+02	5.000000000e+01	5.000000000e+01
8.014198928e+02	3.026387222e+02	1.674704814e+02	5.000000000e+01	5.000000000e+01
7.991105191e+02	2.900574866e+02	1.532031825e+02	5.000000000e+01	5.000000000e+01
8.034721185e+02	3.014340250e+02	1.699631052e+02	5.000000000e+01	5.000000000e+01
7.957622678e+02	3.084411753e+02	1.531510574e+02	5.000000000e+01	5.000000000e+01
7.950117155e+02	2.947440031e+02	1.634213455e+02	5.000000000e+01	5.000000000e+01
7.953450308e+02	3.058947522e+02	1.647197250e+02	5.000000000e+01	5.000000000e+01
7.962429894e+02	3.025663370e+02	1.653157292e+02	5.000000000e+01	5.000000000e+01
8.048997890e+02	2.922424182e+02	1.514891699e+02	5.000000000e+01	5.000000000e+01
7.956784124e+02	3.029950192e+02	1.513388292e+02	5.000000000e+01	5.000000000e+01
8.003013776e+02	3.090356608e+02	1.526290081e+02	5.000000000e+01	5.000000000e+01
7.989172513e+02	2.956240618e+02	1.658109277e+02	5.000000000e+01	5.000000000e+01
8.047678191e+02	2.953209400e+02	1.508887016e+02	5.000000000e+01	5.000000000e+01
7.952955671e+02	2.900320036e+02	1.545136720e+02	5.000000000e+01	5.000000000e+01
8.047847801e+02	2.901529426e+02	1.687751156e+02	5.000000000e+01	5.000000000e+01
7.956920431e+02	2.938948966e+02	1.694673753e+02	5.000000000e+01	5.000000000e+01
7.950025121e+02	3.076379992e+02	1.553210288e+02	5.000000000e+01	5.000000000e+01
8.048385659e+02	2.901197229e+02	1.623794297e+02	5.000000000e+01	5.000000000e+01
7.975609691e+02	3.002997306e+02	1.548016001e+02	5.000000000e+01	5.000000000e+01
7.956591920e+02	3.076360032e+02	1.676446988e+02	5.000000000e+01	5.000000000e+01
7.987711417e+02	3.050506307e+02	1.501137449e+02	5.000000000e+01	5.000000000e+01
7.987539065e+02	3.074654804e+02	1.662408088e+02	5.000000000e+01	5.000000000e+01
7.989667881e+02	2.917044110e+02	1.597744460e+02	5.000000000e+01	5.000000000e+01
7.958900201e+02	3.096425320e+02	1.508472553e+02	5.000000000e+01	5.000000000e+01
8.044512718e+02	3.015358961e+02	1.698193446e+02	5.000000000e+01	5.000000000e+01
7.988616693e+02	3.080140958e+02	1.658851310e+02	5.000000000e+01	5.000000000e+01
7.971933210e+02	2.900556632e+02	1.686445644e+02	5.000000000e+01	5.000000000e+01
7.994074557e+02	2.915465440e+02	1.510789324e+02	5.000000000e+01	5.000000000e+01
7.973694360e+02	3.046497071e+02	1.563980321e+02	5.000000000e+01	5.000000000e+01
8.023814092e+02	3.078703224e+02	1.600434107e+02	5.000000000e+01	5.000000000e+01
8.012459584e+02	3.095542004e+02	1.688567845e+02	5.000000000e+01	5.000000000e+01
7.955053884e+02	2.926133205e+02	1.691562969e+02	5.000000000e+01	5.000000000e+01
8.040765983e+02	2.987210620e+02	1.522686498e+02	5.000000000e+01	5.000000000e+01
8.007299679e+02	2.959459057e+02	1.503589968e+02	5.000000000e+01	5.000000000e+01
7.956519581e+02	2.936200851e+02	1.581661329e+02	5.000000000e+01	5.000000000e+01
7.950075942e+02	3.091207247e+02	1.553541382e+02	5.000000000e+01	5.000000000e+01
8.017619414e+02	3.021933560e+02	1.662986684e+02	5.000000000e+01	5.000000000e+01
8.038327457e+02	2.971536198e+02	1.681797519e+02	5.000000000e+01	5.000000000e+01
8.020052170e+02	2.933918196e+02	1.611809977e+02	5.000000000e+01	5.000000000e+01
7.956674713e+02	3.063598693e+02	1.503869579e+02	5.000000000e+01	5.000000000e+01
7.955493763e+02	3.098462206e+02	1.644269196e+02	5.000000000e+01	5.000000000e+01
8.049714821e+02	2.981122387e+02	1.637748361e+02	5.000000000e+01	5.000000000e+01
8.006006994e+02	2.913175885e+02	1.651438527e+02	5.000000000e+01	5.000000000e+01
8.005302541e+02	3.093819296e+02	1.540889751e+02	5.000000000e+01	5.000000000e+01
8.037859439e+02	2.900791017e+02	1.675571542e+02	5.000000000e+01	5.000000000e+01
7.988006140e+02	2.924097062e+02	1.634661194e+02	5.000000000e+01	5.000000000e+01
8.013413006e+02	2.977945661e+02	1.522901651e+02	5.000000000e+01	5.000000000e+01
8.048734734e+02	2.941744063e+02	1.500718547e+02	5.000000000e+01	5.000000000e+01
8.042699128e+02	3.031301595e+02	1.588403871e+02	5.000000000e+01	5.000000000e+01
7.970781492e+02	3.099451672e+02	1.500330100e+02	5.000000000e+01	5.000000000e+01
8.047106216e+02	2.902120725e+02	1.553156841e+02	5.000000000e+01	5.000000000e+01
8.032916178e+02	2.996373917e+02	1.664897479e+02	5.000000000e+01	5.000000000e+01
7.952860767e+02	3.003911063e+02	1.666223161e+02	5.000000000e+01	5.000000000e+01
7.973227208e+02	3.037706912e+02	1.669976495e+02	5.000000000e+01	5.000000000e+01
8.047904091e+02	3.077028751e+02	1.604248661e+02	5.000000000e+01	5.000000000e+01
8.004151102e+02	2.974321509e+02	1.661492160e+02	5.000000000e+01	5.000000000e+01
8.024076271e+02	3.062066073e+02	1.680622979e+02	5.000000000e+01	5.000000000e+01
8.040458284e+02	3.009430080e+02	1.553221469e+02	5.000000000e+01	5.000000000e+01
7.951212868e+02	3.062862517e+02	1.516504049e+02	5.000000000e+01	5.000000000e+01
7.980223120e+02	3.096168423e+02	1.544301430e+02	5.000000000e+01	5.000000000e+01
7.952986968e+02	3.099535982e+02	1.640569668e+02	5.000000000e+01	5.000000000e+01
8.035632859e+02	3.097561190e+02	1.688948905e+02	5.000000000e+01	5.000000000e+01
7.966077859e+02	2.910965372e+02	1.515690821e+02	5.000000000e+01	5.000000000e+01
8.035584297e+02	3.085117481e+02	1.516097933e+02	5.000000000e+01	5.000000000e+01
7.952862304e+02	3.014206674e+02	1.698630962e+02	5.000000000e+01	5.000000000e+01
8.008538915e+02	2.901940021e+02	1.643596339e+02	5.000000000e+01	5.000000000e+01
7.970695433e+02	2.900087428e+02	1.560021693e+02	5.000000000e+01	5.000000000e+01
8.007728282e+02	3.048314924e+02	1.689729032e+02	5.000000000e+01	5.000000000e+01
8.036243306e+02	2.956819704e+02	1.505296477e+02	5.000000000e+01	5.000000000e+01
7.950410712e+02	3.036360689e+02	1.649444030e+02	5.000000000e+01	5.000000000e+01
7.970276196e+02	3.057017412e+02	1.529183056e+02	5.000000000e+01	5.000000000e+01
8.017910359e+02	3.047358709e+02	1.617839958e+02	5.000000000e+01	5.000000000e+01
7.974274198e+02	3.089725843e+02	1.698831860e+02	5.000000000e+01	5.000000000e+01
8.012299196e+02	2.900778461e+02	1.584373661e+02	5.000000000e+01	5.000000000e+01
8.010602724e+02	2.901483636e+02	1.649659602e+02	5.000000000e+01	5.000000000e+01
8.008366459e+02	2.960257808e+02	1.525805056e+02	5.000000000e+01	5.000000000e+01
7.990562230e+02	3.072768677e+02	1.683493345e+02	5.000000000e+01	5.000000000e+01
7.996249025e+02	2.964944861e+02	1.672845118e+02	5.000000000e+01	5.000000000e+01
8.010002952e+02	3.069685880e+02	1.501492844e+02	5.000000000e+01	5.000000000e+01
7.978583288e+02	2.900274673e+02	1.693375636e+02	5.000000000e+01	5.000000000e+01
8.048250430e+02	3.094527072e+02	1.679347297e+02	5.000000000e+01	5.000000000e+01
7.990330354e+02	2.902050308e+02	1.511253068e+02	5.000000000e+01	5.000000000e+01
8.010543684e+02	2.900886241e+02	1.557232072e+02	5.000000000e+01	5.000000000e+01
8.040853743e+02	3.067710243e+02	1.689615377e+02	5.000000000e+01	5.000000000e+01
8.008447033e+02	3.097873215e+02	1.532561875e+02	5.000000000e+01	5.000000000e+01
8.019913083e+02	2.984453755e+02	1.601004338e+02	5.000000000e+01	5.000000000e+01
7.983163584e+02	3.073387245e+02	1.661043868e+02	5.000000000e+01	5.000000000e+01
8.046843125e+02	3.077895954e+02	1.518509643e+02	5.000000000e+01	5.000000000e+01
7.978493091e+02	3.081326399e+02	1.539045495e+02	5.000000000e+01	5.000000000e+01
7.955795960e+02	2.992619915e+02	1.500211551e+02	5.000000000e+01	5.000000000e+01
8.049119905e+02	2.915030692e+02	1.628868126e+02	5.000000000e+01	5.000000000e+01
8.036569940e+02	2.900401602e+02	1.659013503e+02	5.000000000e+01	5.000000000e+01
8.049789894e+02	2.970414672e+02	1.688198290e+02	5.000000000e+01	5.000000000e+01
7.953677190e+02	2.926509658e+02	1.599320394e+02	5.000000000e+01	5.000000000e+01
7.957421802e+02	2.901193925e+02	1.577696223e+02	5.000000000e+01	5.000000000e+01
7.997470256e+02	3.069478609e+02	1.690545589e+02	5.000000000e+01	5.000000000e+01
7.955099285e+02	2.936707038e+02	1.697111917e+02	5.000000000e+01	5.000000000e+01
8.049054508e+02	2.999935094e+02	1.501494526e+02	5.000000000e+01	5.000000000e+01
7.957898568e+02	3.095448158e+02	1.544710826e+02	5.000000000e+01	5.000000000e+01
8.014695849e+02	3.077159866e+02	1.635752349e+02	5.000000000e+01	5.000000000e+01
7.969836750e+02	2.902451696e+02	1.508948510e+02	5.000000000e+01	5.000000000e+01
8.026062232e+02	3.090859465e+02	1.691446547e+02	5.000000000e+01	5.000000000e+01
8.043210062e+02	2.963374221e+02	1.512560974e+02	5.000000000e+01	5.000000000e+01
7.950384523e+02	3.099022745e+02	1.699831983e+02	5.000000000e+01	5.000000000e+01
8.048380936e+02	2.957894907e+02	1.606175025e+02	5.000000000e+01	5.000000000e+01
8.046537188e+02	2.900322556e+02	1.697912155e+02	5.000000000e+01	5.000000000e+01
8.044877691e+02	2.951211067e+02	1.657419711e+02	5.000000000e+01	5.000000000e+01
8.009372658e+02	2.959510614e+02	1.665780878e+02	5.000000000e+01	5.000000000e+01
8.018501444e+02	3.059402773e+02	1.696159594e+02	5.000000000e+01	5.000000000e+01
7.950531396e+02	2.975912329e+02	1.697588390e+02	5.000000000e+01	5.000000000e+01
7.951530170e+02	2.908206649e+02	1.508017958e+02	5.000000000e+01	5.000000000e+01
7.950244746e+02	3.010405289e+02	1.625143001e+02	5.000000000e+01	5.000000000e+01
7.952461315e+02	3.037554429e+02	1.616981059e+02	5.000000000e+01	5.000000000e+01
7.997847496e+02	3.070733360e+02	1.540219475e+02	5.000000000e+01	5.000000000e+01
7.958986172e+02	2.901959601e+02	1.611684228e+02	5.000000000e+01	5.000000000e+01
8.046825639e+02	3.096140932e+02	1.539120885e+02	5.000000000e+01	5.000000000e+01
7.999536416e+02	3.098700692e+02	1.657478967e+02	5.000000000e+01	5.000000000e+01
7.993421911e+02	2.969618861e+02	1.669141997e+02	5.000000000e+01	5.000000000e+01
7.966456220e+02	2.996311214e+02	1.501182191e+02	5.000000000e+01	5.000000000e+01
8.003579016e+02	3.095239930e+02	1.699416496e+02	5.000000000e+01	5.000000000e+01
7.979112251e+02	2.999021296e+02	1.653474901e+02	5.000000000e+01	5.000000000e+01
8.007714404e+02	2.900105457e+02	1.585288350e+02	5.000000000e+01	5.000000000e+01
7.972422539e+02	3.085467902e+02	1.699515462e+02	5.000000000e+01	5.000000000e+01
8.048243701e+02	3.099263277e+02	1.668836212e+02	5.000000000e+01	5.000000000e+01
7.976179024e+02	2.984070220e+02	1.578824418e+02	5.000000000e+01	5.000000000e+01
7.955414734e+02	3.047038158e+02	1.567322195e+02	5.000000000e+01	5.000000000e+01
8.041075846e+02	2.993879535e+02	1.564279521e+02	5.000000000e+01	5.000000000e+01
7.991760712e+02	3.057910728e+02	1.689311069e+02	5.000000000e+01	5.000000000e+01
7.955635064e+02	3.044161124e+02	1.694280378e+02	5.000000000e+01	5.000000000e+01
8.039793011e+02	2.959503847e+02	1.533924685e+02	5.000000000e+01	5.000000000e+01
8.014784091e+02	3.028597211e+02	1.680852182e+02	5.000000000e+01	5.000000000e+01
7.958259305e+02	2.916529222e+02	1.657724207e+02	5.000000000e+01	5.000000000e+01
8.045036700e+02	3.032815287e+02	1.568822077e+02	5.000000000e+01	5.000000000e+01
8.020981032e+02	3.099279369e+02	1.520355548e+02	5.000000000e+01	5.000000000e+01
7.971650304e+02	3.096335688e+02	1.611622771e+02	5.000000000e+01	5.000000000e+01
8.028052871e+02	3.051402864e+02	1.699054928e+02	5.000000000e+01	5.000000000e+01
8.046791228e+02	3.082130500e+02	1.670195673e+02	5.000000000e+01	5.000000000e+01
8.047901236e+02	2.925113932e+02	1.555007801e+02	5.000000000e+01	5.000000000e+01
8.030697614e+02	2.993805679e+02	1.521483278e+02	5.000000000e+01	5.000000000e+01
7.963940349e+02	3.080171134e+02	1.691108043e+02	5.000000000e+01	5.000000000e+01
7.959355668e+02	2.964632862e+02	1.500960973e+02	5.000000000e+01	5.000000000e+01
7.952903736e+02	2.963254939e+02	1.697453399e+02	5.000000000e+01	5.000000000e+01
8.003539592e+02	3.001416235e+02	1.505960628e+02	5.000000000e+01	5.000000000e+01
7.952364525e+02	2.988053071e+02	1.504238397e+02	5.000000000e+01	5.000000000e+01
8.037721027e+02	3.003765238e+02	1.643634382e+02	5.000000000e+01	5.000000000e+01
8.040176757e+02	3.099475099e+02	1.590330114e+02	5.000000000e+01	5.000000000e+01
7.975987823e+02	3.054204554e+02	1.695150615e+02	5.000000000e+01	5.000000000e+01
8.024404830e+02	3.022209978e+02	1.529454745e+02	5.000000000e+01	5.000000000e+01
8.047583096e+02	3.042375682e+02	1.626423041e+02	5.000000000e+01	5.000000000e+01
8.047384456e+02	3.009516782e+02	1.699989636e+02	5.000000000e+01	5.000000000e+01
8.042929861e+02	3.053300862e+02	1.662104700e+02	5.000000000e+01	5.000000000e+01
8.047758141e+02	3.050909714e+02	1.502922565e+02	5.000000000e+01	5.000000000e+01
8.033263534e+02	3.099769496e+02	1.616058691e+02	5.000000000e+01	5.000000000e+01
8.008183730e+02	2.900107130e+02	1.530000692e+02	5.000000000e+01	5.000000000e+01
7.958911656e+02	2.956860631e+02	1.699645138e+02	5.000000000e+01	5.000000000e+01
7.966509072e+02	3.006803466e+02	1.508811200e+02	5.000000000e+01	5.000000000e+01
7.998514503e+02	2.907758042e+02	1.526513094e+02	5.000000000e+01	5.000000000e+01
8.043325495e+02	2.904568424e+02	1.665633400e+02	5.000000000e+01	5.000000000e+01
8.043528832e+02	3.036442400e+02	1.505546133e+02	5.000000000e+01	5.000000000e+01
8.013310789e+02	2.947896232e+02	1.626844397e+02	5.000000000e+01	5.000000000e+01
8.045037039e+02	3.086083106e+02	1.500817375e+02	5.000000000e+01	5.000000000e+01
7.950002563e+02	3.075944543e+02	1.592624933e+02	5.000000000e+01	5.000000000e+01
8.041559124e+02	3.045122980e+02	1.588048013e+02	5.000000000e+01	5.000000000e+01
7.986947132e+02	3.099963584e+02	1.523308642e+02	5.000000000e+01	5.000000000e+01
8.032158745e+02	3.027395250e+02	1.561797935e+02	5.000000000e+01	5.000000000e+01
7.953764349e+02	3.035520844e+02	1.689933706e+02	5.000000000e+01	5.000000000e+01
7.975849438e+02	2.900226816e+02	1.524556333e+02	5.000000000e+01	5.000000000e+01
